test_prcauc: 0.6137944224539806
test_rocauc: 0.5650276807124059
test_loss: 0.555637001991272
train_prcauc: 0.7614094614871527
train_rocauc: 0.7986087222760029
train_loss: 0.451149867225871
val_prcauc: 0.6436107776502423
val_rocauc: 0.5830099194127966
val_loss: 0.5329505205154419