test_prcauc: 0.06715690721270402
test_rocauc: 0.7400739504649193
test_loss: 0.056332269741000925
train_prcauc: 0.271358177208718
train_rocauc: 0.9602934525690213
train_loss: 0.05441703686874311
val_prcauc: 0.13154978960299707
val_rocauc: 0.7869337860121697
val_loss: 0.16649134028510615
