mae: 0.8443254059315783
rmse: 1.1029946131423616 