test_prcauc: 0.6233574218213088
test_rocauc: 0.8433757341952525
test_loss: 0.30706664025783537
train_prcauc: 0.9483407569653394
train_rocauc: 0.9866302288033083
train_loss: 0.10760649731382728
val_prcauc: 0.774884730300441
val_rocauc: 0.9297358744541844
val_loss: 0.09979386439081281
