test_prcauc: 0.967057127601402
test_rocauc: 0.8957965902410346
test_loss: 0.336348437837192
train_prcauc: 0.9895134152993351
train_rocauc: 0.9689016787172792
train_loss: 0.19419498646801167
val_prcauc: 0.9796314940441659
val_rocauc: 0.9433333333333334
val_loss: 0.29974242406232016
