test_prcauc: 0.6315009603073457
test_rocauc: 0.5978847464902441
test_loss: 0.5855255246162414
train_prcauc: 0.8763382745448703
train_rocauc: 0.9178730458733143
train_loss: 0.2904410651988453
val_prcauc: 0.6502138763587946
val_rocauc: 0.5942207058464475
val_loss: 0.5655695736408234
