test_prcauc: 0.3581012400619999
test_rocauc: 0.7405078794781107
test_loss: 0.277912717334684
train_prcauc: 0.7854641760517161
train_rocauc: 0.9646902599671493
train_loss: 0.12724853133117495
val_prcauc: 0.3736301954612875
val_rocauc: 0.7840448536155843
val_loss: 0.3013437954696841