prcauc: 0.3514701407879055
rocauc: 0.7349964111760939 