test_prcauc: 0.7259506270307782
test_rocauc: 0.681423611111111
test_loss: 1.843401380947658
train_prcauc: 1.0
train_rocauc: 1.0
train_loss: 0.006716239849232476
val_prcauc: 0.945086408745352
val_rocauc: 0.9593746888379966
val_loss: 0.41474076732993126
