test_mae: 1.5074959993362427
test_rmse: 2.1486611366271973
test_loss: 1.4489080508550007
train_mae: 0.4141440689563751
train_rmse: 0.6637228727340698
train_loss: 0.39847509728537667
val_mae: 2.450803756713867
val_rmse: 3.6516165733337402
val_loss: 2.3626511891682944
