test_mae: 0.48682311177253723
test_rmse: 0.6577185392379761
test_loss: 0.486823103257588
train_mae: 0.2462182343006134
train_rmse: 2.099365472793579
train_loss: 0.24621820942099606
val_mae: 0.4377727806568146
val_rmse: 0.5981014966964722
val_loss: 0.4377727763993399
