prcauc: 0.7407279152788426
rocauc: 0.7944705268648931
