test_prcauc: 0.4221580969123028
test_rocauc: 0.8127337348191068
test_loss: 0.12110808243354161
train_prcauc: 0.668473305819085
train_rocauc: 0.9582861043191602
train_loss: 0.08606309775300569
val_prcauc: 0.39351246428375247
val_rocauc: 0.8016289023620125
val_loss: 0.1257341525545626