test_prcauc: 0.6757884428047443
test_rocauc: 0.6694637345679013
test_loss: 1.188095475946154
train_prcauc: 0.9979744764347671
train_rocauc: 0.9896271865015418
train_loss: 0.12356924990361387
val_prcauc: 0.948327140452455
val_rocauc: 0.9722194563377476
val_loss: 0.22333588238273347
