test_prcauc: 0.7167242203059053
test_rocauc: 0.7221352808207268
test_loss: 2.0931303799152374
train_prcauc: 0.9999609096353707
train_rocauc: 0.9999743150684932
train_loss: 0.01603215029349596
val_prcauc: 0.9526029458949482
val_rocauc: 0.7571428571428571
val_loss: 1.2064982612306874
