test_prcauc: 0.12099462584461182
test_rocauc: 0.8061158035588307
test_loss: 0.10932413443847758
train_prcauc: 0.2387223202765126
train_rocauc: 0.9490523212218105
train_loss: 0.03264152607797312
val_prcauc: 0.19170510492628284
val_rocauc: 0.8341793861033174
val_loss: 0.09403742727880827
