test_prcauc: 0.349294525057258
test_rocauc: 0.6425334680212352
test_OGBNanLabelloss: 0.3377242185946169
train_prcauc: 0.6037007458089504
train_rocauc: 0.8924747042658501
train_OGBNanLabelloss: 0.13018345040590482
val_prcauc: 0.3859321807181461
val_rocauc: 0.6842566539785244
val_OGBNanLabelloss: 0.305843525919421
