test_prcauc: 0.15313101856752792
test_rocauc: 0.7590162034801753
test_loss: 0.16386668384075165
train_prcauc: 0.7583491710752828
train_rocauc: 0.9759827121077476
train_loss: 0.0742859513119287
val_prcauc: 0.2753660702719803
val_rocauc: 0.834356016068979
val_loss: 0.08889027027522817