test_prcauc: 0.1271978191779579
test_rocauc: 0.7373131108776427
test_loss: 0.02044590858608212
train_prcauc: 0.6089852360848427
train_rocauc: 0.9918134383066397
train_loss: 0.005842916727532733
val_prcauc: 0.19520554944120466
val_rocauc: 0.7792524140583554
val_loss: 0.019336701086989958
