test_mae: 1.1983188730172352
test_rmse: 1.4901680119281207
test_loss: 2.2206007037738074
train_mae: 0.36934151816271116
train_rmse: 0.5004438615070989
train_loss: 0.36073845624923706
val_mae: 1.2134154877135486
val_rmse: 1.4984297073654087
val_loss: 2.2452915879151845