test_prcauc: 0.9647201250746775
test_rocauc: 0.9016426282051282
test_loss: 0.3652266849364553
train_prcauc: 0.9937598097540716
train_rocauc: 0.9791643567283881
train_loss: 0.19165248123974335
val_prcauc: 0.9762113451320102
val_rocauc: 0.9300221880867041
val_loss: 0.28191492706537247
