test_prcauc: 0.8226650385983001
test_rocauc: 0.8276821422361329
test_loss: 0.7313700914382935
train_prcauc: 0.9388871480811826
train_rocauc: 0.9605251141552511
train_loss: 0.3346730206972749
val_prcauc: 0.9329849704832309
val_rocauc: 0.689010989010989
val_loss: 1.0696643590927124