test_mae: 1.6647214889526367
test_rmse: 2.365884304046631
test_loss: 1.6023473143577576
train_mae: 0.4206489324569702
train_rmse: 0.6456533670425415
train_loss: 0.42062924106915794
val_mae: 0.8415457010269165
val_rmse: 1.0979528427124023
val_loss: 0.7939985891183218
