prcauc: 0.6498220584844049
rocauc: 0.5981983401640981
