test_prcauc: 0.8916299409855887
test_rocauc: 0.8090871625798475
test_loss: 0.5873719602823257
train_prcauc: 0.9014007578034557
train_rocauc: 0.9237045686761057
train_loss: 0.4020228361891162
val_prcauc: 0.4229999799670972
val_rocauc: 0.8159880834160874
val_loss: 0.6802959487858143
