test_prcauc: 0.1432318096833999
test_rocauc: 0.7287227634410909
test_loss: 0.018695505123749356
train_prcauc: 0.5503258881077899
train_rocauc: 0.9872532123314125
train_loss: 0.007625134006086623
val_prcauc: 0.13069545208346706
val_rocauc: 0.8103699100511008
val_loss: 0.015898786456598753