prcauc: 0.21833970797157698
rocauc: 0.7554336700206649 