test_prcauc: 0.6593230256316654
test_rocauc: 0.6430878807895343
test_loss: 0.6300382481680976
train_prcauc: 0.9311300524519699
train_rocauc: 0.9635648528168508
train_loss: 0.20623305605517495
val_prcauc: 0.6605160957869866
val_rocauc: 0.6574195490044636
val_loss: 0.6221543086899651
