test_prcauc: 0.036681610770929886
test_rocauc: 0.650740372418049
test_loss: 0.08927381257253318
train_prcauc: 0.6176942530368379
train_rocauc: 0.9907799806157568
train_loss: 0.004986211403267045
val_prcauc: 0.15100337219158283
val_rocauc: 0.7291428403556898
val_loss: 0.026072455017596866
