test_mae: 0.6635656952857971
test_rmse: 0.8898074626922607
test_loss: 0.6563586741685867
train_mae: 0.3102480471134186
train_rmse: 0.44796377420425415
train_loss: 0.31425457856347483
val_mae: 0.6233476996421814
val_rmse: 0.8491466641426086
val_loss: 0.6233838871121407
