test_prcauc: 0.3574553355772238
test_rocauc: 0.7427385083494992
test_loss: 0.29243436939977707
train_prcauc: 0.8264342080030871
train_rocauc: 0.9710026277698032
train_loss: 0.11457669247411538
val_prcauc: 0.3727309840339859
val_rocauc: 0.7845420731921352
val_loss: 0.3466787963240631