test_prcauc: 0.3288360729379318
test_rocauc: 0.6346093513378136
test_loss: 0.4209680607782872
train_prcauc: 0.6372391366352458
train_rocauc: 0.9123804594275805
train_loss: 0.14590504999061552
val_prcauc: 0.35467335407002487
val_rocauc: 0.6440868354140312
val_loss: 0.3212371204912188