test_prcauc: 0.4551173464210925
test_rocauc: 0.8361579177764625
test_loss: 0.11222780168056488
train_prcauc: 0.5925600862941587
train_rocauc: 0.9354273677112975
train_loss: 0.09263104835824754
val_prcauc: 0.41416962348681613
val_rocauc: 0.8277806618233982
val_loss: 0.128475604057312