prcauc: 0.43793685175143754
rocauc: 0.8333333333333334 