test_prcauc: 0.4104780316796342
test_rocauc: 0.8552930834623681
test_loss: 0.2393099042000594
train_prcauc: 0.6078935536868374
train_rocauc: 0.9172061628780964
train_loss: 0.1586741807928496
val_prcauc: 0.5225012207196523
val_rocauc: 0.8695508609641381
val_loss: 0.19469879429649423
