test_mae: 0.7671781778335571
test_rmse: 1.0504173040390015
test_loss: 0.7842537860075632
train_mae: 0.2257663905620575
train_rmse: 0.3472192585468292
train_loss: 0.22368066509564719
val_mae: 0.6978837251663208
val_rmse: 0.9274534583091736
val_loss: 0.6841382831335068
