test_prcauc: 0.4502270882368589
test_rocauc: 0.8257848872100566
test_loss: 0.2190125175441997
train_prcauc: 0.7703471411540849
train_rocauc: 0.957008845043057
train_loss: 0.13661500429551876
val_prcauc: 0.4641589120682105
val_rocauc: 0.842994592721868
val_loss: 0.2050895626207146