test_mae: 1.4760668277740479
test_rmse: 2.1824240684509277
test_loss: 1.336333692073822
train_mae: 0.42093372344970703
train_rmse: 0.6119548678398132
train_loss: 0.42052122553189597
val_mae: 0.8924236297607422
val_rmse: 1.1185417175292969
val_loss: 0.8208683828512827
