test_mae: 0.7435476183891296
test_rmse: 0.9569132924079895
test_loss: 0.7389098256826401
train_mae: 0.3457190990447998
train_rmse: 0.4911549687385559
train_loss: 0.3410453570465888
val_mae: 0.763468861579895
val_rmse: 0.9892907738685608
val_loss: 0.7573160082101822
