test_prcauc: 0.2456696882253973
test_rocauc: 0.6935630274821839
test_loss: 0.4651227291929451
train_prcauc: 0.8657689587233222
train_rocauc: 0.9906244861110028
train_loss: 0.1667451603475709
val_prcauc: 0.19554544461119924
val_rocauc: 0.7923892808152069
val_loss: 0.6479766993830656
