prcauc: 0.6463157159678162
rocauc: 0.8318223681924026
