test_prcauc: 0.43476953258274703
test_rocauc: 0.8112962491745276
test_loss: 0.1552174011724594
train_prcauc: 0.6166495943870628
train_rocauc: 0.9384392292212737
train_loss: 0.08985400855938981
val_prcauc: 0.43174340098015557
val_rocauc: 0.82040267902615
val_loss: 0.20936727503459285
