prcauc: 0.37346182668035593
rocauc: 0.8061018314885161
