test_prcauc: 0.3300030569491415
test_rocauc: 0.6310612629352543
test_loss: 0.36457266838386143
train_prcauc: 0.45557083796394965
train_rocauc: 0.8039735409519052
train_loss: 0.16728378968988444
val_prcauc: 0.364926866628346
val_rocauc: 0.6733656628578175
val_loss: 0.3190086859053579
