test_mae: 0.40024489164352417
test_rmse: 0.5374622344970703
test_loss: 0.40024486609867643
train_mae: 0.19362859427928925
train_rmse: 0.27463093400001526
train_loss: 0.19362859787153347
val_mae: 0.4243539273738861
val_rmse: 0.6176376342773438
val_loss: 0.42435391673019957
