mae: 0.5652828812599182
rmse: 1.6439456939697266
