test_mae: 1.0883563480851925
test_rmse: 1.334903678103408
test_loss: 1.7819678298140074
train_mae: 0.5009243907976098
train_rmse: 0.6369906674805168
train_loss: 0.5702103674411774
val_mae: 1.0348371165189068
val_rmse: 1.305291756395467
val_loss: 1.7037865693139629