test_mae: 1.133813500404358
test_rmse: 1.420569658279419
test_loss: 1.137942224740982
train_mae: 1.094700813293457
train_rmse: 1.3885483741760254
train_loss: 1.0897685193246411
val_mae: 1.2610149383544922
val_rmse: 1.595890760421753
val_loss: 1.2466274499893188
