test_prcauc: 0.340493566551721
test_rocauc: 0.6429761466593473
test_OGBNanLabelloss: 0.5564351107539802
train_prcauc: 0.4380350035006165
train_rocauc: 0.8078789342521157
train_OGBNanLabelloss: 0.2810870308152453
val_prcauc: 0.3902221120680351
val_rocauc: 0.696714521573951
val_OGBNanLabelloss: 0.7330867833104627
