test_mae: 1.325139957938574
test_rmse: 1.649214493911856
test_loss: 2.71990844692894
train_mae: 0.5395318677830097
train_rmse: 0.738451439929671
train_loss: 0.5952122410138448
val_mae: 1.3983726521327764
val_rmse: 1.759635509657392
val_loss: 3.096317126847229