test_prcauc: 0.15680602973826518
test_rocauc: 0.7443094690897856
test_loss: 0.1871278204900377
train_prcauc: 0.9671558298790476
train_rocauc: 0.997906998035278
train_loss: 0.044982821248555814
val_prcauc: 0.29360243154559873
val_rocauc: 0.833660959239663
val_loss: 0.1043783369309762