test_mae: 0.5873033218525705
test_rmse: 0.7670203849148673
test_loss: 0.5976935626134734
train_mae: 0.3012118978415808
train_rmse: 0.38554175013687497
train_loss: 0.19786013066768646
val_mae: 0.5677838095980031
val_rmse: 0.7400127595836891
val_loss: 0.5541902433133874