test_prcauc: 0.6474337954356395
test_rocauc: 0.6225110784675228
test_loss: 0.632058322429657
train_prcauc: 0.9103513778415975
train_rocauc: 0.9364883580242946
train_loss: 0.31835684240553774
val_prcauc: 0.6618394558631814
val_rocauc: 0.5939419296510005
val_loss: 0.6749904155731201