test_prcauc: 0.371467945767124
test_rocauc: 0.7063895875696773
test_loss: 0.22146292120730912
train_prcauc: 0.5600865701531296
train_rocauc: 0.8805020909934497
train_loss: 0.18015698299976482
val_prcauc: 0.36445763385759367
val_rocauc: 0.709018290193034
val_loss: 0.21431876121746063