test_mae: 0.4656832218170166
test_rmse: 0.637575089931488
test_loss: 0.4656833041281927
train_mae: 0.19081781804561615
train_rmse: 0.2796838879585266
train_loss: 0.19081782526811775
val_mae: 0.4976300895214081
val_rmse: 0.6875637173652649
val_loss: 0.4976300895214081
