test_mae: 0.9744321045611813
test_rmse: 1.2830468370917163
test_loss: 1.6462091861710566
train_mae: 0.32034022930082545
train_rmse: 0.40669082833689935
train_loss: 0.2892703637480736
val_mae: 0.9049918545115311
val_rmse: 1.1168255569239098
val_loss: 1.2472993245984014