test_prcauc: 0.6371741192129791
test_rocauc: 0.608329787303518
test_loss: 0.6210290193557739
train_prcauc: 0.9325907499508747
train_rocauc: 0.9591041974287583
train_loss: 0.2769695451981287
val_prcauc: 0.6661720261193914
val_rocauc: 0.6259911026823398
val_loss: 0.5876056551933289