test_prcauc: 0.6261269104608238
test_rocauc: 0.5820160211001416
test_loss: 0.682629132270813
train_prcauc: 0.8220645780826898
train_rocauc: 0.8692524395747336
train_loss: 0.3489033290081554
val_prcauc: 0.6482036157606835
val_rocauc: 0.6196583199387568
val_loss: 0.7891483187675477
