test_prcauc: 0.36826983193419177
test_rocauc: 0.6622965943820497
test_loss: 0.29092896447099487
train_prcauc: 0.55483341920846
train_rocauc: 0.8663463147529218
train_loss: 0.1459105522351494
val_prcauc: 0.4020098054783008
val_rocauc: 0.6938697926005558
val_loss: 0.2452512907570806
