test_prcauc: 0.35065637084764895
test_rocauc: 0.6624077741070861
test_OGBNanLabelloss: 0.2976839372584986
train_prcauc: 0.5594552035319678
train_rocauc: 0.8745395463164229
train_OGBNanLabelloss: 0.14604800407640375
val_prcauc: 0.37512946261994573
val_rocauc: 0.6820849289562292
val_OGBNanLabelloss: 0.256497866539068
