test_mae: 0.8031154870986938
test_rmse: 1.0282396078109741
test_loss: 0.8161197602748871
train_mae: 0.28724274039268494
train_rmse: 0.4323000907897949
train_loss: 0.2893076318281668
val_mae: 0.6830012798309326
val_rmse: 0.8860868811607361
val_loss: 0.6674990902344385
