test_mae: 0.5733531713485718
test_rmse: 0.7268771529197693
test_loss: 0.5733531607048852
train_mae: 0.08576438575983047
train_rmse: 0.10975763201713562
train_loss: 0.08576439124798137
val_mae: 0.5386515855789185
val_rmse: 0.7103573679924011
val_loss: 0.5386515664202827
