test_mae: 0.45755231380462646
test_rmse: 0.5853415131568909
test_loss: 0.44855700929959613
train_mae: 0.3679312467575073
train_rmse: 0.5219278931617737
train_loss: 0.36839527664361177
val_mae: 0.5234351754188538
val_rmse: 0.7398548722267151
val_loss: 0.5294388433297476
