test_prcauc: 0.6345243375581654
test_rocauc: 0.8357931046467174
test_loss: 0.2464395247399807
train_prcauc: 0.9965748219130655
train_rocauc: 0.9991395547407678
train_loss: 0.026345213287277146
val_prcauc: 0.7817285291567424
val_rocauc: 0.9557963163596966
val_loss: 0.09635590948164463
