test_prcauc: 0.6229434321658694
test_rocauc: 0.6006820516056253
test_loss: 0.6671331822872162
train_prcauc: 0.86054148227196
train_rocauc: 0.9018422321831875
train_loss: 0.355472688602133
val_prcauc: 0.6771266076031455
val_rocauc: 0.6466620957830651
val_loss: 0.5373497009277344