test_prcauc: 0.5267939006174446
test_rocauc: 0.5639423244013485
test_loss: 0.35826367139816284
train_prcauc: 0.6889318463330664
train_rocauc: 0.8242300935052759
train_loss: 0.3040455866193729
val_prcauc: 0.573346182078935
val_rocauc: 0.7669949768541318
val_loss: 0.24320101737976074