test_mae: 2.5681325099803507
test_rmse: 3.256151840350993
test_loss: 10.602524807421158
train_mae: 0.6100937449497604
train_rmse: 0.7692039025324217
train_loss: 1.0002483129501343
val_mae: 3.199754714295268
val_rmse: 4.385632444792386
val_loss: 19.23377194081564