test_prcauc: 0.9557517950051782
test_rocauc: 0.8847823183760684
test_loss: 0.5643262429428952
train_prcauc: 0.9999179067024535
train_rocauc: 0.9997338951103226
train_loss: 0.026898591620166126
val_prcauc: 0.9787138105014128
val_rocauc: 0.9385219320703191
val_loss: 0.36395338816302164
