test_prcauc: 0.47646637713898343
test_rocauc: 0.8490246373077522
test_OGBNanLabelloss: 0.18722481308160005
train_prcauc: 0.5793045546182849
train_rocauc: 0.9104736764476385
train_OGBNanLabelloss: 0.15875517947679502
val_prcauc: 0.525437026778087
val_rocauc: 0.8645157693083103
val_OGBNanLabelloss: 0.19395523407944926
