test_mae: 0.5036371946334839
test_rmse: 0.7607232332229614
test_loss: 0.5022822419802347
train_mae: 0.23782044649124146
train_rmse: 0.43005838990211487
train_loss: 0.235697939991951
val_mae: 0.49843811988830566
val_rmse: 0.8278620839118958
val_loss: 0.4317655861377716
