mae: 0.4300376772880554
rmse: 0.6254558563232422
