test_prcauc: 0.24122808077934701
test_rocauc: 0.7612698938305843
test_loss: 0.11732324043458159
train_prcauc: 0.6350607556426722
train_rocauc: 0.9383004718570948
train_loss: 0.09324225012993498
val_prcauc: 0.26340648212039963
val_rocauc: 0.7297915850038594
val_loss: 0.149767857383598