test_mae: 0.8209593294391927
test_rmse: 1.223989712878193
test_loss: 1.4981508172316407
train_mae: 0.5331354427701008
train_rmse: 0.7105066383488121
train_loss: 0.8464373052120209
val_mae: 0.8017150034904481
val_rmse: 1.2375187008401851
val_loss: 1.5314525349291792