test_prcauc: 0.4364591467730245
test_rocauc: 0.7545556383178571
test_loss: 0.21087809808032457
train_prcauc: 0.6289260542067721
train_rocauc: 0.8996558172974054
train_loss: 0.13145326003802948
val_prcauc: 0.4264980722935465
val_rocauc: 0.7449684759052151
val_loss: 0.20657671190971552
