prcauc: 0.6091406135496716
rocauc: 0.7809896672670396 