test_prcauc: 0.6295275952909749
test_rocauc: 0.7976328719941859
test_loss: 0.3804686665534973
train_prcauc: 0.9540042375461983
train_rocauc: 0.9924189904130996
train_loss: 0.1022334765771594
val_prcauc: 0.5900383846655629
val_rocauc: 0.7606091903757248
val_loss: 0.37961241602897644