prcauc: 0.3355477376212739
rocauc: 0.6399077323879697 