test_prcauc: 0.2537124842425113
test_rocauc: 0.7622260394461806
test_loss: 0.13364120493784096
train_prcauc: 0.7347174378778464
train_rocauc: 0.9720053567971088
train_loss: 0.07929166742703025
val_prcauc: 0.268297716006224
val_rocauc: 0.7308285227824123
val_loss: 0.16958963820202785