prcauc: 0.19558892275508688
rocauc: 0.74561263980747 