test_prcauc: 0.1818500872306555
test_rocauc: 0.742542343421078
test_loss: 0.12920277697198532
train_prcauc: 0.4566773504560222
train_rocauc: 0.8622005244589634
train_loss: 0.1191830475038156
val_prcauc: 0.3526359931776336
val_rocauc: 0.823850553595924
val_loss: 0.07467649756547283