prcauc: 0.3530208715711735
rocauc: 0.7539950580377829
