prcauc: 0.6219132855822426
rocauc: 0.6073924210345658
