test_mae: 1.8419574976153672
test_rmse: 2.440648558267519
test_loss: 5.956765384973319
train_mae: 0.9286058365945831
train_rmse: 1.1401501515524024
train_loss: 1.3548026084899902
val_mae: 2.0510565767064692
val_rmse: 2.6195461960779203
val_loss: 6.8620222733863