mae: 1.7262045120866967
rmse: 2.280856720427043 