test_mae: 0.5740621073863337
test_rmse: 0.737899787234345
test_loss: 0.5370403230939381
train_mae: 0.35123558800742916
train_rmse: 0.4536396191808772
train_loss: 0.25819081387349535
val_mae: 0.5727804195267103
val_rmse: 0.753834944198578
val_loss: 0.5545542587688489