prcauc: 0.6279116712189328
rocauc: 0.5864588224769609
