test_prcauc: 0.6287449111479755
test_rocauc: 0.5828697040533124
test_loss: 0.5891038245624967
train_prcauc: 0.7924735185517379
train_rocauc: 0.8474714321778336
train_loss: 0.3743955106646926
val_prcauc: 0.6467936943284981
val_rocauc: 0.6100708926818439
val_loss: 0.5615676012304094
