test_prcauc: 0.8108624624266856
test_rocauc: 0.8475140056022409
test_loss: 0.6300349831581116
train_prcauc: 0.9737101533939525
train_rocauc: 0.9770893929780906
train_loss: 0.2664124976911821
val_prcauc: 0.7730371072161153
val_rocauc: 0.8484958318231243
val_loss: 0.7048375010490417