test_prcauc: 0.6350898844992712
test_rocauc: 0.7661171207675948
test_loss: 0.185429647564888
train_prcauc: 0.7647895322297273
train_rocauc: 0.9333854934216057
train_loss: 0.23021954480919132
val_prcauc: 0.6036304358583783
val_rocauc: 0.7616895188026902
val_loss: 0.2900698482990265