test_prcauc: 0.6382975576781132
test_rocauc: 0.6019233375794315
test_loss: 0.5829234719276428
train_prcauc: 0.8878526331146384
train_rocauc: 0.9220985604068015
train_loss: 0.3346806090582982
val_prcauc: 0.6811981107753227
val_rocauc: 0.6324782465999853
val_loss: 0.5764656066894531