test_prcauc: 0.7600758673468782
test_rocauc: 0.7116126543209876
test_loss: 1.0083035230636597
train_prcauc: 0.9846163714425885
train_rocauc: 0.9408951916063514
train_loss: 0.24328122450897777
val_prcauc: 0.9052759028894304
val_rocauc: 0.9348589782194117
val_loss: 0.42779719829559326