test_prcauc: 0.3299473492534301
test_rocauc: 0.7404391473551476
test_loss: 0.26093851114199507
train_prcauc: 0.5103782601995873
train_rocauc: 0.8854421706154745
train_loss: 0.17817572266498055
val_prcauc: 0.3187899391476294
val_rocauc: 0.7591862841932437
val_loss: 0.3119062231016756