test_prcauc: 0.738934767127829
test_rocauc: 0.7905913978494623
test_loss: 1.2948411703109741
train_prcauc: 0.9946252854751545
train_rocauc: 0.9783336629094983
train_loss: 0.18989308768568894
val_prcauc: 0.9920886109815683
val_rocauc: 0.9437229437229437
val_loss: 0.36726532876491547