test_prcauc: 0.9576749718092066
test_rocauc: 0.8927094953737121
test_loss: 0.31961725652217865
train_prcauc: 0.9853556235215644
train_rocauc: 0.9570788290300487
train_loss: 0.2572819143767324
val_prcauc: 0.9551403789140155
val_rocauc: 0.9077391067908368
val_loss: 0.30435632169246674