test_prcauc: 0.725953752663691
test_rocauc: 0.8120071684587813
test_loss: 0.863473430275917
train_prcauc: 0.9948334329310067
train_rocauc: 0.9800887855060119
train_loss: 0.14318671104653427
val_prcauc: 0.9991003194738506
val_rocauc: 0.9921407624633432
val_loss: 0.146302942186594
