test_prcauc: 0.5592115389918907
test_rocauc: 0.7187246707193515
test_loss: 0.21700121462345123
train_prcauc: 0.7754907049527037
train_rocauc: 0.9351860583337777
train_loss: 0.21700775995773436
val_prcauc: 0.5548131175286156
val_rocauc: 0.6905642492285091
val_loss: 0.2495613917708397