mae: 0.4803968324122722
rmse: 0.6787561483494753 