test_mae: 0.48542480634728025
test_rmse: 0.6450050665052531
test_loss: 0.41603153581744595
train_mae: 0.3708796702802975
train_rmse: 0.5094152374180703
train_loss: 0.34792326390743256
val_mae: 0.4408217149499271
val_rmse: 0.5945314956361991
val_loss: 0.35346769930341587