test_prcauc: 0.7300330864943336
test_rocauc: 0.689429012345679
test_loss: 1.1530627012252808
train_prcauc: 0.9977897336519059
train_rocauc: 0.9887448802109633
train_loss: 0.1341563590111996
val_prcauc: 0.9050219633615744
val_rocauc: 0.9335541503563183
val_loss: 0.4854312241077423