prcauc: 0.7336994454760206
rocauc: 0.6860532407407408 