mae: 1.7863903341213099
rmse: 2.4743048474564753 