test_mae: 1.7774310959187836
test_rmse: 2.463885069019301
test_loss: 6.070729633336246
train_mae: 0.45183114724433143
train_rmse: 0.5657868381216153
train_loss: 0.6000683903694153
val_mae: 0.8389146153236691
val_rmse: 1.093496865265974
val_loss: 1.1957353943465117