test_mae: 3.2544167041778564
test_rmse: 9.317473411560059
test_loss: 3.0975307623545327
train_mae: 0.8211588859558105
train_rmse: 9.437865257263184
train_loss: 0.7881563827395439
val_mae: 2.4307870864868164
val_rmse: 3.9018023014068604
val_loss: 1.9650733669598897
