test_mae: 2.687396287918091
test_rmse: 3.6579573154449463
test_loss: 2.6787744760513306
train_mae: 0.3585628569126129
train_rmse: 0.5272388458251953
train_loss: 0.358521777849931
val_mae: 0.8374018669128418
val_rmse: 1.0253384113311768
val_loss: 0.808826227982839
