test_prcauc: 0.6209325281556448
test_rocauc: 0.6096852701617878
test_loss: 0.561410516500473
train_prcauc: 0.73356177306486
train_rocauc: 0.7667614659718157
train_loss: 0.44878513411594595
val_prcauc: 0.6787387111917271
val_rocauc: 0.6605304579245586
val_loss: 0.4773392081260681