test_prcauc: 0.4246684289965302
test_rocauc: 0.8049646484917719
test_loss: 0.13185219879346816
train_prcauc: 0.7567857914685947
train_rocauc: 0.97606541301561
train_loss: 0.057121438818744964
val_prcauc: 0.41272798963808555
val_rocauc: 0.8438298242183256
val_loss: 0.12513533044098454
