prcauc: 0.3481398827771632
rocauc: 0.8084299024703175
