test_mae: 0.4959167439847711
test_rmse: 0.6590900661141009
test_loss: 0.4442762181734814
train_mae: 0.3394662361883995
train_rmse: 0.437652707683913
train_loss: 0.26273705437779427
val_mae: 0.48803543268924665
val_rmse: 0.6686052456288094
val_loss: 0.4649220637356077