prcauc: 0.715021144630861
rocauc: 0.683545524691358
