test_prcauc: 0.07187488131771562
test_rocauc: 0.7853238802829142
test_loss: 0.030322801952586236
train_prcauc: 0.9510176363374269
train_rocauc: 0.9997939297155213
train_loss: 0.0013026195491680822
val_prcauc: 0.20475115794292537
val_rocauc: 0.6778180159463024
val_loss: 0.026488515227151694
