test_mae: 0.6177417635917664
test_rmse: 0.8750422596931458
test_loss: 0.5912674739956856
train_mae: 0.46540069580078125
train_rmse: 0.7550777792930603
train_loss: 0.46529687841733297
val_mae: 0.674004077911377
val_rmse: 0.9635738730430603
val_loss: 0.70610561221838
