test_prcauc: 0.7497747934416933
test_rocauc: 0.7749956529299252
test_loss: 0.7861180305480957
train_prcauc: 0.9836845508737393
train_rocauc: 0.99
train_loss: 0.25814667160856813
val_prcauc: 0.9206213123333847
val_rocauc: 0.7098901098901099
val_loss: 0.5622485876083374