test_mae: 2.8977773189544678
test_rmse: 3.740489959716797
test_loss: 2.4838753938674927
train_mae: 1.1527515649795532
train_rmse: 2.172895669937134
train_loss: 1.132185419400533
val_mae: 2.717306137084961
val_rmse: 4.335688591003418
val_loss: 2.4608539740244546
