test_prcauc: 0.6172765817145385
test_rocauc: 0.7452385917353075
test_loss: 1.0231709383428096
train_prcauc: 0.9996281414698245
train_rocauc: 0.9998982779584542
train_loss: 0.012037882868025918
val_prcauc: 0.9482404688172748
val_rocauc: 0.9921706228044256
val_loss: 0.056978380531654695
