prcauc: 0.18532520775572534
rocauc: 0.7610092894802911
