test_prcauc: 0.17602256309566308
test_rocauc: 0.7463585623515324
test_loss: 0.15594069331007845
train_prcauc: 0.7261479947124554
train_rocauc: 0.9663309027878876
train_loss: 0.08143949253055331
val_prcauc: 0.2994578880969113
val_rocauc: 0.8004207084068196
val_loss: 0.09366391073254977