test_mae: 0.44634655117988586
test_rmse: 0.569282591342926
test_loss: 0.422546645005544
train_mae: 0.4863853454589844
train_rmse: 1.2088483572006226
train_loss: 0.4836382559604115
val_mae: 0.6966205835342407
val_rmse: 1.1543790102005005
val_loss: 0.7305400570233663
