prcauc: 0.22568183208440593
rocauc: 0.7629116050908669 