test_mae: 0.47899290919303894
test_rmse: 0.7999052405357361
test_loss: 0.4389364421367645
train_mae: 0.22552181780338287
train_rmse: 0.3317529857158661
train_loss: 0.2255444794893265
val_mae: 0.5234917402267456
val_rmse: 0.8108953833580017
val_loss: 0.5313333123922348
