prcauc: 0.3971302722934669
rocauc: 0.789802906006674
