test_prcauc: 0.33670447923936175
test_rocauc: 0.804289488320356
test_loss: 0.1223924105676512
train_prcauc: 0.4313054961800035
train_rocauc: 0.8765321225353758
train_loss: 0.16259641859191407
val_prcauc: 0.3355041620937423
val_rocauc: 0.8336335746551176
val_loss: 0.24615065988315188
