test_mae: 0.5117702276607354
test_rmse: 0.6872045966689908
test_loss: 0.48607612565888475
train_mae: 0.33089489203419475
train_rmse: 0.4216396583594619
train_loss: 0.24262063652276994
val_mae: 0.4935567827029597
val_rmse: 0.6789944864669747
val_loss: 0.45984116514990553