test_mae: 0.8492639660835266
test_rmse: 1.0398057699203491
test_loss: 0.846026286482811
train_mae: 0.4388299882411957
train_rmse: 0.6802555322647095
train_loss: 0.43508365077357136
val_mae: 0.8663396239280701
val_rmse: 1.0961636304855347
val_loss: 0.8557143062353134
