test_prcauc: 0.22714320375645217
test_rocauc: 0.7671457249883955
test_loss: 0.7019288658824834
train_prcauc: 0.5223123406826805
train_rocauc: 0.9131409377263373
train_loss: 0.4434528380416261
val_prcauc: 0.22336861552136442
val_rocauc: 0.7488598864807834
val_loss: 0.2426511356226084
