test_prcauc: 0.34685573865146496
test_rocauc: 0.6727591177570289
test_loss: 0.2875212704719499
train_prcauc: 0.523882214895298
train_rocauc: 0.857286094435547
train_loss: 0.16031787366564595
val_prcauc: 0.3742952364828121
val_rocauc: 0.696955665956611
val_loss: 0.24886907533157704
