test_prcauc: 0.7691942516890575
test_rocauc: 0.7144097222222221
test_loss: 1.3044259548187256
train_prcauc: 0.9926399929279901
train_rocauc: 0.971702294787634
train_loss: 0.17775077810493972
val_prcauc: 0.8530353294612677
val_rocauc: 0.9117735621800662
val_loss: 0.5887794494628906