mae: 1.7336991926049812
rmse: 2.3924168787437914 