test_prcauc: 0.6296888186261008
test_rocauc: 0.6097319078246465
test_loss: 0.7435003817081451
train_prcauc: 0.8906482620465114
train_rocauc: 0.9237591376095976
train_loss: 0.3369271367524392
val_prcauc: 0.6671496062913015
val_rocauc: 0.6284703512684593
val_loss: 0.5999117195606232