test_prcauc: 0.35078493032871005
test_rocauc: 0.7334401961538544
test_loss: 0.26379793030422316
train_prcauc: 0.673845673001395
train_rocauc: 0.934232008052724
train_loss: 0.1469070555424919
val_prcauc: 0.36803933794859317
val_rocauc: 0.7965637264616966
val_loss: 0.2676089285041904