test_mae: 0.5489423967760748
test_rmse: 0.7482538725878277
test_loss: 0.5598838578426814
train_mae: 0.3498634793079023
train_rmse: 0.46421828052454633
train_loss: 0.4616154531637828
val_mae: 0.49372760143094596
val_rmse: 0.6979274652565738
val_loss: 0.48710274675946597