mae: 0.5457476335165247
rmse: 0.7488473201138117 