prcauc: 0.3381321680092485
rocauc: 0.6381551481618181 