test_prcauc: 0.3021129487350018
test_rocauc: 0.6091764525960808
test_loss: 0.31375541618745345
train_prcauc: 0.375455113584485
train_rocauc: 0.7579295128116994
train_loss: 0.2046586207731233
val_prcauc: 0.346387827958551
val_rocauc: 0.6287556980930608
val_loss: 0.26902304907331154