test_prcauc: 0.9724281319843967
test_rocauc: 0.9064794127034791
test_loss: 0.32475004412911157
train_prcauc: 0.9891282636570402
train_rocauc: 0.9674039691830234
train_loss: 0.2197000169350455
val_prcauc: 0.9697586003889637
val_rocauc: 0.9194691771110985
val_loss: 0.30461351691999217
