test_prcauc: 0.4227982827974475
test_rocauc: 0.8207446800478829
test_loss: 0.19727174266535408
train_prcauc: 0.775545411729566
train_rocauc: 0.9575799011189917
train_loss: 0.13571802439075467
val_prcauc: 0.4983614842236275
val_rocauc: 0.8327357813302624
val_loss: 0.18548780063897402