test_mae: 2.061149835586548
test_rmse: 2.5321383476257324
test_loss: 1.8612683614095051
train_mae: 0.44949841499328613
train_rmse: 0.6085459589958191
train_loss: 0.4368445856703652
val_mae: 2.38785982131958
val_rmse: 3.532158136367798
val_loss: 2.2030906677246094
