test_prcauc: 0.620880981039479
test_rocauc: 0.6181731596145376
test_loss: 0.5670121908187866
train_prcauc: 0.7924949690182405
train_rocauc: 0.837836913890031
train_loss: 0.4102576331240969
val_prcauc: 0.7079161523297391
val_rocauc: 0.6645922537328713
val_loss: 0.5007707476615906