test_prcauc: 0.29932107116906786
test_rocauc: 0.7365962751545743
test_loss: 0.31780840611536
train_prcauc: 0.6554585379864913
train_rocauc: 0.9253696248556612
train_loss: 0.13232017992944684
val_prcauc: 0.3189725586670072
val_rocauc: 0.7636661302685245
val_loss: 0.3286721436684395