test_prcauc: 0.5277081489625349
test_rocauc: 0.5837395301150384
test_loss: 0.39639419317245483
train_prcauc: 0.6581776218355582
train_rocauc: 0.8368366158540413
train_loss: 0.3172696716382287
val_prcauc: 0.585566578577518
val_rocauc: 0.885033159328934
val_loss: 0.29363584518432617