test_mae: 0.7890186158085155
test_rmse: 0.9654453409381701
test_loss: 0.918017536077397
train_mae: 0.27071468463078846
train_rmse: 0.3406415510149598
train_loss: 0.20692302925246103
val_mae: 0.784192188433948
val_rmse: 0.9758736243440924
val_loss: 0.9625993055957448