test_prcauc: 0.09765525853834353
test_rocauc: 0.7081321983519002
test_loss: 0.015785771243762743
train_prcauc: 0.1438502498333647
train_rocauc: 0.8969219013925231
train_loss: 0.009834501892031285
val_prcauc: 0.07042740323519557
val_rocauc: 0.7687386928645098
val_loss: 0.017631287651236623
