test_prcauc: 0.3674817401433787
test_rocauc: 0.7502449674215007
test_loss: 0.25359599727295934
train_prcauc: 0.6664526037199999
train_rocauc: 0.9341834048018147
train_loss: 0.1459073510404199
val_prcauc: 0.37473020383119865
val_rocauc: 0.7876452930274399
val_loss: 0.28346338361825646