test_mae: 0.6245617270469666
test_rmse: 0.988055944442749
test_loss: 0.6050023257732391
train_mae: 0.22840383648872375
train_rmse: 0.4036842882633209
train_loss: 0.22769334109929892
val_mae: 0.5995820760726929
val_rmse: 0.9872232675552368
val_loss: 0.6746950268745422
