prcauc: 0.6658681952302758
rocauc: 0.7721961561185835 