test_prcauc: 0.3710313251211955
test_rocauc: 0.7086394851228495
test_loss: 0.23247759202127097
train_prcauc: 0.611119944860394
train_rocauc: 0.9059698851124415
train_loss: 0.16519327938849782
val_prcauc: 0.3811105224915344
val_rocauc: 0.7173905812083536
val_loss: 0.2211150993934801