test_prcauc: 0.6513676010546701
test_rocauc: 0.6978306593041995
test_loss: 0.3790376901626587
train_prcauc: 0.9916843874196037
train_rocauc: 0.998446719479023
train_loss: 0.025759405133430845
val_prcauc: 0.839318962972839
val_rocauc: 0.9663908579019137
val_loss: 0.1479211613535881
