test_mae: 0.548699676990509
test_rmse: 0.7447836399078369
test_loss: 0.5486996823123523
train_mae: 0.2507680654525757
train_rmse: 0.3559446930885315
train_loss: 0.25076806421081227
val_mae: 0.5352768301963806
val_rmse: 0.7076444029808044
val_loss: 0.5352768589343343
