test_prcauc: 0.05455646342472856
test_rocauc: 0.6228608630306679
test_loss: 0.026609932865638494
train_prcauc: 0.921620405144463
train_rocauc: 0.9995093828349605
train_loss: 0.004045787696300801
val_prcauc: 0.0694977985602848
val_rocauc: 0.7832201085814248
val_loss: 0.021931443858048443