test_prcauc: 0.33986362293607164
test_rocauc: 0.6389902255213942
test_loss: 0.3054291621364396
train_prcauc: 0.47104303107408774
train_rocauc: 0.8168091745610788
train_loss: 0.16325583006357
val_prcauc: 0.38747898811560116
val_rocauc: 0.6913846681935599
val_loss: 0.254930992578638
