test_prcauc: 0.19394665202657516
test_rocauc: 0.7583499101952529
test_loss: 0.12499338607577716
train_prcauc: 0.6233214069136915
train_rocauc: 0.9353995395964672
train_loss: 0.09617463792040026
val_prcauc: 0.3270406547261077
val_rocauc: 0.8319646531452086
val_loss: 0.0784827424761127