prcauc: 0.19324093798623204
rocauc: 0.7642403290909442 