test_prcauc: 0.6317390654435706
test_rocauc: 0.5706278870652793
test_loss: 0.5922679669327207
train_prcauc: 0.8619100181926617
train_rocauc: 0.92099259114085
train_loss: 0.29499111462522437
val_prcauc: 0.6517304739160891
val_rocauc: 0.5990413465613493
val_loss: 0.6025361948543124
