test_mae: 1.207104419203986
test_rmse: 1.5899177244382598
test_loss: 2.5278383704829346
train_mae: 0.3930359239107893
train_rmse: 0.5235699725643681
train_loss: 0.272657111287117
val_mae: 1.2535451033885499
val_rmse: 1.541711795821817
val_loss: 2.376875261376131