test_prcauc: 0.41413988519814937
test_rocauc: 0.8006745688694036
test_loss: 0.12648028932511807
train_prcauc: 0.6100483916666555
train_rocauc: 0.9555696880213372
train_loss: 0.07709503465559546
val_prcauc: 0.410456633395194
val_rocauc: 0.8429324468200683
val_loss: 0.1676439009081911
