mae: 2.091664700079709
rmse: 2.797898511455154 