test_mae: 4.079731464385986
test_rmse: 16.022123336791992
test_loss: 3.4792230129241943
train_mae: 0.5788417458534241
train_rmse: 1.1495639085769653
train_loss: 0.5841813849078284
val_mae: 2.241663932800293
val_rmse: 3.513955593109131
val_loss: 2.5641678174336753
