test_prcauc: 0.37512011708623855
test_rocauc: 0.7340648669468689
test_loss: 0.2330812026243625
train_prcauc: 0.6414378264332352
train_rocauc: 0.9218053740596602
train_loss: 0.15460389893758963
val_prcauc: 0.35220977016195154
val_rocauc: 0.7782150576568266
val_loss: 0.2743086545536152