test_mae: 2.627824068069458
test_rmse: 3.976980209350586
test_loss: 2.641051232814789
train_mae: 0.5411386489868164
train_rmse: 0.7613308429718018
train_loss: 0.5405306793176211
val_mae: 1.109545111656189
val_rmse: 1.3253525495529175
val_loss: 1.0030550161997478
