prcauc: 0.6355278245883482
rocauc: 0.5931479022749907 