test_prcauc: 0.6354471609921221
test_rocauc: 0.592927120255426
test_loss: 0.5402898788452148
train_prcauc: 0.8392480259622924
train_rocauc: 0.8833291643939349
train_loss: 0.3765264273644934
val_prcauc: 0.6834713301489961
val_rocauc: 0.6466318655675432
val_loss: 0.5086725354194641