mae: 0.5983086394501762
rmse: 0.7701425915307514 