test_mae: 0.5938373325752715
test_rmse: 0.7658940260068992
test_loss: 0.5857251258243061
train_mae: 0.3226688928869775
train_rmse: 0.41639804073912845
train_loss: 0.26018279045820236
val_mae: 0.5840599276496187
val_rmse: 0.7570590163032327
val_loss: 0.5800225768350307