test_mae: 0.7918233275413513
test_rmse: 0.9828553795814514
test_loss: 0.7905581444501877
train_mae: 0.4046197533607483
train_rmse: 0.5503714084625244
train_loss: 0.40160414672666983
val_mae: 0.7905898690223694
val_rmse: 1.0718412399291992
val_loss: 0.7830851674079895
