test_prcauc: 0.08999827566666922
test_rocauc: 0.7460750335365661
test_loss: 0.017280378847833244
train_prcauc: 0.3655454372511923
train_rocauc: 0.9728594447188091
train_loss: 0.009639227639306538
val_prcauc: 0.11327928019665869
val_rocauc: 0.764443710191027
val_loss: 0.01544038092288718