test_prcauc: 0.7092402750117187
test_rocauc: 0.7543035993740219
test_loss: 0.8488158682982127
train_prcauc: 0.6287533766573767
train_rocauc: 0.7370662100456621
train_loss: 0.5812190632994582
val_prcauc: 0.951379877763668
val_rocauc: 0.7304029304029305
val_loss: 0.7813546061515808
