test_prcauc: 0.3549034145893424
test_rocauc: 0.6538777118037041
test_loss: 0.4109804856366125
train_prcauc: 0.5354956680125029
train_rocauc: 0.8576412973677905
train_loss: 0.1439379584776262
val_prcauc: 0.38738472980652106
val_rocauc: 0.6827540956117308
val_loss: 0.26598487331949433
