test_prcauc: 0.767743048263079
test_rocauc: 0.7899495739871327
test_loss: 1.9569352865219116
train_prcauc: 0.9999354736209426
train_rocauc: 0.999957191780822
train_loss: 0.09687583935430584
val_prcauc: 0.9399841241720848
val_rocauc: 0.7135531135531136
val_loss: 2.637641429901123