test_prcauc: 0.9583284400295604
test_rocauc: 0.8932016536518145
test_loss: 0.43222761154174805
train_prcauc: 0.9984895206975036
train_rocauc: 0.9950713243396171
train_loss: 0.15499482708628587
val_prcauc: 0.9500874055056605
val_rocauc: 0.8993440282781591
val_loss: 0.4533477872610092