test_mae: 0.4035249650478363
test_rmse: 0.5752713680267334
test_loss: 0.40352497214362737
train_mae: 0.1753896325826645
train_rmse: 0.2587040364742279
train_loss: 0.17538963174637484
val_mae: 0.4012089967727661
val_rmse: 0.5600178241729736
val_loss: 0.4012089953536079
