test_prcauc: 0.7646479079274999
test_rocauc: 0.7117091049382717
test_loss: 1.0210661888122559
train_prcauc: 0.9937694851601306
train_rocauc: 0.9724695618021657
train_loss: 0.18116985570858626
val_prcauc: 0.9133201501740182
val_rocauc: 0.9344574927230753
val_loss: 0.41050922870635986