test_prcauc: 0.6270472681094751
test_rocauc: 0.5809358770491505
test_loss: 0.6277652382850647
train_prcauc: 0.8578505717520722
train_rocauc: 0.9010646987731751
train_loss: 0.35271764623711527
val_prcauc: 0.6692985186223078
val_rocauc: 0.6258300285517222
val_loss: 0.6312259435653687