test_prcauc: 0.748100642593366
test_rocauc: 0.7723874108850635
test_loss: 0.8429428959886233
train_prcauc: 0.6396234601427702
train_rocauc: 0.7835159817351598
train_loss: 0.5710839287536901
val_prcauc: 0.948364246634455
val_rocauc: 0.7183150183150183
val_loss: 0.8303474485874176
