prcauc: 0.38159034200502745
rocauc: 0.7521283233109735
