test_mae: 0.8677206039428711
test_rmse: 1.3110630512237549
test_loss: 0.8741884976625443
train_mae: 0.4221784174442291
train_rmse: 0.5845824480056763
train_loss: 0.41366603585981554
val_mae: 0.7709554433822632
val_rmse: 1.050707459449768
val_loss: 0.7732491791248322
