mae: 0.7063174843788147
rmse: 1.3605676889419556
