test_mae: 0.515427827835083
test_rmse: 0.7110457420349121
test_loss: 0.5154278001614979
train_mae: 0.1509869545698166
train_rmse: 0.22219020128250122
train_loss: 0.1509869589159886
val_mae: 0.5097805857658386
val_rmse: 0.7030486464500427
val_loss: 0.5097806251474789
