test_prcauc: 0.1273119143850427
test_rocauc: 0.7662584750047603
test_loss: 0.013658112407043588
train_prcauc: 0.11945233634275809
train_rocauc: 0.8692323360782834
train_loss: 0.011385075170672422
val_prcauc: 0.1897017980462351
val_rocauc: 0.8397968692177946
val_loss: 0.009360816660621638
