test_mae: 0.47325025059017317
test_rmse: 0.6396055814139618
test_loss: 0.43064943197177563
train_mae: 0.3497114777356896
train_rmse: 0.45134843650748135
train_loss: 0.3185251610619681
val_mae: 0.5060361073808944
val_rmse: 0.6837941014719385
val_loss: 0.46973447955015923