test_prcauc: 0.08221048107601717
test_rocauc: 0.7139551517641726
test_loss: 0.01557336264250353
train_prcauc: 0.1447471576973347
train_rocauc: 0.9189903246976371
train_loss: 0.01123563235386673
val_prcauc: 0.16490873985323654
val_rocauc: 0.8049129316039952
val_loss: 0.012525846007233858