test_prcauc: 0.03946825882631546
test_rocauc: 0.643697942900243
test_loss: 0.22303357294678317
train_prcauc: 0.7580386763978819
train_rocauc: 0.9995754322529123
train_loss: 0.03525971323924208
val_prcauc: 0.15859726980357286
val_rocauc: 0.711183574999918
val_loss: 0.042423886108671705
