test_prcauc: 0.9751018527903912
test_rocauc: 0.9242788461538461
test_loss: 0.30981701985001564
train_prcauc: 0.9928716340903029
train_rocauc: 0.9780241711941456
train_loss: 0.16612666218382557
val_prcauc: 0.9736789580538057
val_rocauc: 0.9308414405188599
val_loss: 0.29798649517553194
