test_prcauc: 0.6341099527950398
test_rocauc: 0.586785297545554
test_loss: 0.5947515964508057
train_prcauc: 0.8744304686842751
train_rocauc: 0.9138828620553308
train_loss: 0.3351986095583085
val_prcauc: 0.6594166354577142
val_rocauc: 0.629013721499505
val_loss: 0.5813112854957581