test_prcauc: 0.6227406041021704
test_rocauc: 0.804144076043513
test_loss: 0.3128432035446167
train_prcauc: 0.9229874920985501
train_rocauc: 0.9862703692600359
train_loss: 0.10142008294021214
val_prcauc: 0.6373511371180116
val_rocauc: 0.8933262746643028
val_loss: 0.208274245262146