mae: 0.43563029170036316
rmse: 0.5758621692657471
