test_mae: 0.3790853023529053
test_rmse: 0.5020489692687988
test_loss: 0.3790852874517441
train_mae: 0.19494442641735077
train_rmse: 0.2756527066230774
train_loss: 0.19494443200528622
val_mae: 0.4389207661151886
val_rmse: 0.6559810042381287
val_loss: 0.4389207661151886
