test_prcauc: 0.1844346314764321
test_rocauc: 0.7493135674878276
test_loss: 0.23582266437486538
train_prcauc: 0.41870115989926293
train_rocauc: 0.8892206536596275
train_loss: 0.23047579546788863
val_prcauc: 0.20340310951906612
val_rocauc: 0.7713019608659162
val_loss: 1.0056822440808513
