test_prcauc: 0.6334538255358431
test_rocauc: 0.5877996344449886
test_loss: 0.6120473742485046
train_prcauc: 0.909199278202036
train_rocauc: 0.9382611290150032
train_loss: 0.3138249768375384
val_prcauc: 0.6789849818193852
val_rocauc: 0.6094880222004847
val_loss: 0.5770099759101868