test_prcauc: 0.07015965437704591
test_rocauc: 0.7787244273840164
test_loss: 0.014746967089446452
train_prcauc: 0.1763734854658925
train_rocauc: 0.9167970909264478
train_loss: 0.010766842820469039
val_prcauc: 0.11679759276715196
val_rocauc: 0.8010972527395142
val_loss: 0.015609595803691244