test_prcauc: 0.0978809729370181
test_rocauc: 0.7543023608717246
test_loss: 0.01452390840061749
train_prcauc: 0.22512627804618787
train_rocauc: 0.9326840953606664
train_loss: 0.010248793926218153
val_prcauc: 0.045366893017597
val_rocauc: 0.7847593273779281
val_loss: 0.01555604180668585