test_mae: 3.742927074432373
test_rmse: 5.426939964294434
test_loss: 3.643714984258016
train_mae: 0.8173332810401917
train_rmse: 1.2216582298278809
train_loss: 0.8138593700197008
val_mae: 2.5709731578826904
val_rmse: 3.429835796356201
val_loss: 2.275001605351766
