test_mae: 0.6078312397003174
test_rmse: 0.7981734275817871
test_loss: 0.6078312375715801
train_mae: 0.1293848752975464
train_rmse: 0.17502950131893158
train_loss: 0.1293848688448114
val_mae: 0.5420456528663635
val_rmse: 0.6981362700462341
val_loss: 0.5420456592525754
