test_prcauc: 0.0856159556677677
test_rocauc: 0.7398225586787648
test_loss: 0.014805229293743385
train_prcauc: 0.1355322497340682
train_rocauc: 0.8991337744026101
train_loss: 0.009880171309316043
val_prcauc: 0.09415309119810941
val_rocauc: 0.7660416492410365
val_loss: 0.015691334480305776
