test_mae: 0.6715201139450073
test_rmse: 0.8873095512390137
test_loss: 0.6636943370103836
train_mae: 0.295505166053772
train_rmse: 0.3802259862422943
train_loss: 0.2957710671809412
val_mae: 0.7456414103507996
val_rmse: 0.9723537564277649
val_loss: 0.737487182021141
