test_prcauc: 0.8235284401841021
test_rocauc: 0.8793767507002801
test_loss: 0.4586006999015808
train_prcauc: 0.9371440962289898
train_rocauc: 0.9471338051959823
train_loss: 0.3479115048353921
val_prcauc: 0.8121606406336754
val_rocauc: 0.8865530989488944
val_loss: 0.45220357179641724