mae: 0.6198634505271912
rmse: 1.1257938146591187
