test_prcauc: 0.7342527047403103
test_rocauc: 0.8519534256684657
test_loss: 0.19810151532292367
train_prcauc: 0.9099782045201166
train_rocauc: 0.9746786974531735
train_loss: 0.11737111533681552
val_prcauc: 0.736494640332023
val_rocauc: 0.924404341241797
val_loss: 0.14241780042648317
