test_prcauc: 0.4384801305633305
test_rocauc: 0.8196416156840933
test_loss: 0.17990024503787805
train_prcauc: 0.9564258378139423
train_rocauc: 0.9973112169794587
train_loss: 0.021157201304761696
val_prcauc: 0.4439157820600506
val_rocauc: 0.8259080042530424
val_loss: 0.17920338897138077
