test_prcauc: 0.07926783463784119
test_rocauc: 0.7193584638418178
test_loss: 0.022043211243270338
train_prcauc: 0.22102540948268237
train_rocauc: 0.9520542130106601
train_loss: 0.037763929797511434
val_prcauc: 0.16261101034739495
val_rocauc: 0.7347457816479387
val_loss: 0.01886440879226231
