test_prcauc: 0.32379040121673663
test_rocauc: 0.6203073124385464
test_loss: 0.39146413659900914
train_prcauc: 0.6846859788942796
train_rocauc: 0.9307162863104955
train_loss: 0.1362443570968327
val_prcauc: 0.33873179133328574
val_rocauc: 0.6232297014016686
val_loss: 0.34113106790718445