test_prcauc: 0.4443213417743201
test_rocauc: 0.847640369253687
test_loss: 0.20625893462379025
train_prcauc: 0.6009527129122517
train_rocauc: 0.9223674997866776
train_loss: 0.18050568213888035
val_prcauc: 0.4607135000308143
val_rocauc: 0.841717881395049
val_loss: 0.18168071868284694
