test_prcauc: 0.17196295305539916
test_rocauc: 0.7565171208404952
test_loss: 0.20806210531907923
train_prcauc: 0.9613286536034418
train_rocauc: 0.9975560156948108
train_loss: 0.044651784316872535
val_prcauc: 0.38062402006566787
val_rocauc: 0.8448584166176758
val_loss: 0.10301741004428443