mean_pred: -3.7092204093933105
std_pred: 2.177060604095459
mean_targets: -3.7976016998291016
std_targets: 2.129075765609741
mae: 0.6638005375862122
rmse: 0.8634508848190308
ogbg-molesol: 0.8634508848190308
L1Loss: 0.656246542930603
