test_prcauc: 0.2978520837914879
test_rocauc: 0.7249093273145842
test_loss: 0.3043170856865482
train_prcauc: 0.6225310326454537
train_rocauc: 0.9175003856215965
train_loss: 0.13766571749727954
val_prcauc: 0.32190031910886335
val_rocauc: 0.7512020279598448
val_loss: 0.3195581395178974