test_mae: 2.3744698416814205
test_rmse: 3.0504003798251134
test_loss: 9.304942477237196
train_mae: 0.7653744311522831
train_rmse: 0.9800640719061011
train_loss: 1.3640309572219849
val_mae: 2.7271730535384267
val_rmse: 3.903543856178196
val_loss: 15.237654637106541