test_prcauc: 0.45419885986459
test_rocauc: 0.8448538808534407
test_loss: 0.11760618230875801
train_prcauc: 0.7130831400328603
train_rocauc: 0.9683785821298838
train_loss: 0.08092369790028846
val_prcauc: 0.4194400186390361
val_rocauc: 0.8261773499868738
val_loss: 0.13333269164842718