test_prcauc: 0.6286334708047983
test_rocauc: 0.6027624044088024
test_loss: 0.539923506123679
train_prcauc: 0.7517835468107558
train_rocauc: 0.790996445022707
train_loss: 0.4256089124828577
val_prcauc: 0.6639163155096018
val_rocauc: 0.5900726157286177
val_loss: 0.5015233882835933
