test_prcauc: 0.014710888380205551
test_rocauc: 0.6950029159363282
test_loss: 0.49429132943041154
train_prcauc: 0.74985118326563
train_rocauc: 0.9983182634972235
train_loss: 0.004980320747261561
val_prcauc: 0.08389874823869067
val_rocauc: 0.7663852408388541
val_loss: 0.32633554192783587
