test_mae: 0.8919062614440918
test_rmse: 1.3716179132461548
test_loss: 0.8825242966413498
train_mae: 0.3522743880748749
train_rmse: 0.47008436918258667
train_loss: 0.3535617839905523
val_mae: 0.7235000729560852
val_rmse: 1.008644700050354
val_loss: 0.7179358154535294
