test_mae: 2.1481096744537354
test_rmse: 2.776951789855957
test_loss: 2.280475378036499
train_mae: 0.8605311512947083
train_rmse: 1.2703384160995483
train_loss: 0.8751710322168138
val_mae: 2.977468490600586
val_rmse: 3.868089437484741
val_loss: 2.471202770868937
