test_prcauc: 0.6290316432725249
test_rocauc: 0.6214525609932628
test_loss: 0.5537839531898499
train_prcauc: 0.7823152507567904
train_rocauc: 0.8297654136995426
train_loss: 0.4184399698188123
val_prcauc: 0.6992201456894003
val_rocauc: 0.6589828856843335
val_loss: 0.4982241690158844