prcauc: 0.6247505023514434
rocauc: 0.6113071480706397 