test_prcauc: 0.8728396267012899
test_rocauc: 0.756027199670307
test_loss: 0.8510807454586029
train_prcauc: 0.9037867975536505
train_rocauc: 0.9196957753058305
train_loss: 0.40174811324661985
val_prcauc: 0.4775385383256284
val_rocauc: 0.8717948717948717
val_loss: 0.8506168723106384