mae: 0.7792682647705078
rmse: 0.9896469712257385
