test_prcauc: 0.3263342848362067
test_rocauc: 0.6300659035090659
test_loss: 0.35761599323346804
train_prcauc: 0.5819404424789429
train_rocauc: 0.8928342053811993
train_loss: 0.15860508949335864
val_prcauc: 0.3674121015669521
val_rocauc: 0.6686610418685118
val_loss: 0.2812768121312388