prcauc: 0.3238621737245565
rocauc: 0.6272870310465942 