test_mae: 0.4316212236881256
test_rmse: 0.6230676770210266
test_loss: 0.4246847406029701
train_mae: 0.3031083941459656
train_rmse: 0.44507119059562683
train_loss: 0.2982546470818981
val_mae: 0.4470646381378174
val_rmse: 0.5757673978805542
val_loss: 0.4540688097476959
