mae: 0.42570358514785767
rmse: 0.561522901058197
