mae: 1.749243140220642
rmse: 2.3780293464660645
