prcauc: 0.3306370938895497
rocauc: 0.7424236649992113 