test_prcauc: 0.3245574403430065
test_rocauc: 0.7411858588716055
test_loss: 0.30339419407701973
train_prcauc: 0.6185819922962147
train_rocauc: 0.915058713190552
train_loss: 0.147383962448142
val_prcauc: 0.3568915813287887
val_rocauc: 0.7568246068993904
val_loss: 0.294038219993932