test_prcauc: 0.14439607016795752
test_rocauc: 0.711000598698314
test_loss: 0.22093558136154623
train_prcauc: 0.9960603832863107
train_rocauc: 0.9997905998450695
train_loss: 0.03437905462095992
val_prcauc: 0.2493261099405648
val_rocauc: 0.7945081324710953
val_loss: 0.1507274237844874