test_mae: 0.7684669494628906
test_rmse: 1.2967708110809326
test_loss: 0.768466945205416
train_mae: 0.14475631713867188
train_rmse: 0.18456900119781494
train_loss: 0.14475632046482392
val_mae: 0.6775565147399902
val_rmse: 0.8811900019645691
val_loss: 0.6775565487997872
