test_prcauc: 0.7899961747798878
test_rocauc: 0.8561007957559682
test_loss: 0.5633871555328369
train_prcauc: 0.9692944243250448
train_rocauc: 0.9749708479093786
train_loss: 0.27765998544124365
val_prcauc: 0.8222535715964651
val_rocauc: 0.8491551459293394
val_loss: 0.6044191420078278