test_prcauc: 0.4151831584734347
test_rocauc: 0.8127315596527689
test_loss: 0.19375580566806594
train_prcauc: 0.6522131801103584
train_rocauc: 0.9182867813550547
train_loss: 0.16464249171600462
val_prcauc: 0.4424654123772042
val_rocauc: 0.8374789860144426
val_loss: 0.1823040494706851