test_prcauc: 0.6351582514039178
test_rocauc: 0.5899569139620877
test_loss: 0.5889086127281189
train_prcauc: 0.865590311385977
train_rocauc: 0.9043034678228586
train_loss: 0.363488743355396
val_prcauc: 0.6750758512644942
val_rocauc: 0.6454417855549649
val_loss: 0.5347689986228943