test_prcauc: 0.34964599781035344
test_rocauc: 0.648280903851211
test_loss: 0.32063216793126076
train_prcauc: 0.5368067710614133
train_rocauc: 0.8572909895974375
train_loss: 0.1449010847827753
val_prcauc: 0.38916224206859357
val_rocauc: 0.6854432834124736
val_loss: 0.2742262878294649
