test_prcauc: 0.7048365295447873
test_rocauc: 0.7637096774193548
test_loss: 0.8821713030338287
train_prcauc: 0.9833913359693206
train_rocauc: 0.9421050029661855
train_loss: 0.25595212075947743
val_prcauc: 0.9950631072705387
val_rocauc: 0.9623709623709624
val_loss: 0.2353525310754776