prcauc: 0.7044028247122824
rocauc: 0.7642025089605734 