test_prcauc: 0.45251119594229366
test_rocauc: 0.8244241813032999
test_loss: 0.209906499320286
train_prcauc: 0.7425388456217669
train_rocauc: 0.948110880296777
train_loss: 0.13996762421949008
val_prcauc: 0.45423428739927024
val_rocauc: 0.8415309698259296
val_loss: 0.20512215173347803