test_prcauc: 0.10318012568311041
test_rocauc: 0.7350076744776992
test_loss: 0.019092661508699583
train_prcauc: 0.7313939973641179
train_rocauc: 0.9971706875946128
train_loss: 0.00633553382677783
val_prcauc: 0.09537887045522554
val_rocauc: 0.8438237630557754
val_loss: 0.013158335403774245