test_prcauc: 0.6708806824392415
test_rocauc: 0.7811827956989248
test_loss: 0.9423084756867453
train_prcauc: 0.999697132016068
train_rocauc: 0.9986813222815581
train_loss: 0.06465253672407319
val_prcauc: 0.9992426454623478
val_rocauc: 0.9931964809384164
val_loss: 0.1568599221381274
