test_prcauc: 0.42179948986834714
test_rocauc: 0.8205395713264568
test_loss: 0.11673782731999051
train_prcauc: 0.556601517319148
train_rocauc: 0.9329325214239401
train_loss: 0.09734538304226799
val_prcauc: 0.3548193622260995
val_rocauc: 0.7937356039560046
val_loss: 0.1296521374447779