prcauc: 0.6297367046895956
rocauc: 0.6218750771718407 