test_prcauc: 0.35146377641189447
test_rocauc: 0.7368891322417014
test_loss: 0.2379928474740417
train_prcauc: 0.601114170213138
train_rocauc: 0.9099670679291546
train_loss: 0.1573163387321303
val_prcauc: 0.3729073850975518
val_rocauc: 0.7942378489285704
val_loss: 0.25598446465086605