test_prcauc: 0.33395951356953696
test_rocauc: 0.737560885738134
test_loss: 0.30543203793399315
train_prcauc: 0.6799886588817768
train_rocauc: 0.9369610977138026
train_loss: 0.13476528927839684
val_prcauc: 0.35335275622036527
val_rocauc: 0.7605932797275018
val_loss: 0.2840500292655652