prcauc: 0.3263178182644478
rocauc: 0.7399590041453893 