test_prcauc: 0.3734692824955774
test_rocauc: 0.722435907559913
test_loss: 0.20983060397029205
train_prcauc: 0.5213146139154258
train_rocauc: 0.8540576710218819
train_loss: 0.1863110979691296
val_prcauc: 0.37873722222875356
val_rocauc: 0.7241071940723163
val_loss: 0.19309019500661898