mae: 0.5398572308424683
rmse: 0.7004779525380354 