test_mae: 0.5375595826911075
test_rmse: 0.7188754791571912
test_loss: 0.49893237725689965
train_mae: 0.32704723550419196
train_rmse: 0.42421396106519177
train_loss: 0.2727028418864523
val_mae: 0.5320904031452679
val_rmse: 0.7255841449531574
val_loss: 0.5151689978773538