prcauc: 0.3727205207362661
rocauc: 0.6814353440085431
