test_prcauc: 0.7074080052863508
test_rocauc: 0.7125717266562337
test_loss: 0.9802410155534744
train_prcauc: 0.8939605027441242
train_rocauc: 0.9288641552511415
train_loss: 0.47751492334575185
val_prcauc: 0.9513662051534102
val_rocauc: 0.7410256410256411
val_loss: 0.5942078431447347
