prcauc: 0.6359282637564813
rocauc: 0.5974999749119904 