test_prcauc: 0.6461753070064808
test_rocauc: 0.8332038027761712
test_loss: 0.245783731341362
train_prcauc: 0.7857123685754837
train_rocauc: 0.9388784200572402
train_loss: 0.12816519139424493
val_prcauc: 0.5945668400023186
val_rocauc: 0.7394518738433669
val_loss: 0.3297940492630005