test_prcauc: 0.6915755514584032
test_rocauc: 0.7971326164874551
test_loss: 0.8041505417363211
train_prcauc: 0.9858045477319397
train_rocauc: 0.95057497624742
train_loss: 0.2113036783412099
val_prcauc: 0.9991137732910804
val_rocauc: 0.9919061583577713
val_loss: 0.11324376477436586
