test_prcauc: 0.6412030176751792
test_rocauc: 0.6142391551986719
test_OGBNanLabelloss: 0.5052956172398159
train_prcauc: 0.7099451119151203
train_rocauc: 0.7328179480800024
train_OGBNanLabelloss: 0.4622842874377966
val_prcauc: 0.6540583082666062
val_rocauc: 0.6507639253355181
val_OGBNanLabelloss: 0.5026506355830601
