prcauc: 0.6539582153144242
rocauc: 0.6299091447551101
