test_prcauc: 0.0968062179225853
test_rocauc: 0.7295265873959987
test_loss: 0.013109164144412789
train_prcauc: 0.33669434608597143
train_rocauc: 0.951552446661461
train_loss: 0.009945373094180136
val_prcauc: 0.08479746370385409
val_rocauc: 0.7942185970900684
val_loss: 0.013980601504776471