test_prcauc: 0.5042697063577167
test_rocauc: 0.8699439546082709
test_loss: 0.17665661650675316
train_prcauc: 0.686947956000887
train_rocauc: 0.9313907230955438
train_loss: 0.1388267665816266
val_prcauc: 0.5576979763160067
val_rocauc: 0.8778181160788159
val_loss: 0.19119728053057636
