prcauc: 0.4893505456378254
rocauc: 0.8454337056673622
