test_mae: 0.7793477092094199
test_rmse: 1.149028295722712
test_loss: 1.3202660243714401
train_mae: 0.4364404517774016
train_rmse: 0.5747527286924438
train_loss: 0.8513088524341583
val_mae: 0.6566195907426161
val_rmse: 0.9098926998023626
val_loss: 0.8279047251536323