mae: 0.7806390264098958
rmse: 1.1449263122884135 