test_prcauc: 0.33809214861998294
test_rocauc: 0.6292958048366302
test_loss: 0.356414258480072
train_prcauc: 0.6171052821741906
train_rocauc: 0.8966204866260601
train_loss: 0.12647366735222038
val_prcauc: 0.3643222928879547
val_rocauc: 0.664560193407549
val_loss: 0.3009836057136799
