test_prcauc: 0.7794409073011519
test_rocauc: 0.9209389010530706
test_OGBNanLabelloss: 0.17302731573581695
train_prcauc: 0.8012976394111354
train_rocauc: 0.9289056319767953
train_OGBNanLabelloss: 0.15076130907982588
val_prcauc: 0.9151327460028984
val_rocauc: 0.9916962145835386
val_OGBNanLabelloss: 0.07612605914473533
