prcauc: 0.6504500625008972
rocauc: 0.6291833505649131 