test_mae: 1.0766863822937012
test_rmse: 4.06514835357666
test_loss: 1.0487377345561981
train_mae: 0.4845278263092041
train_rmse: 0.6464717984199524
train_loss: 0.47278094099413964
val_mae: 0.7213745713233948
val_rmse: 0.978598415851593
val_loss: 0.7166190296411514
