test_mae: 0.8566137807359991
test_rmse: 1.313607517813269
test_loss: 1.7255647108555376
train_mae: 0.5166906595743667
train_rmse: 0.6642537378019026
train_loss: 0.9203565120697021
val_mae: 0.656247562655783
val_rmse: 0.8633477937705629
val_loss: 0.7453694130084983