test_prcauc: 0.8204385639481964
test_rocauc: 0.8894519373197163
test_loss: 0.46811583638191223
train_prcauc: 0.9551108583684246
train_rocauc: 0.9619706167606595
train_loss: 0.32509011757237716
val_prcauc: 0.8084874192675254
val_rocauc: 0.8388036206218024
val_loss: 0.613822340965271