test_mae: 2.3736650943756104
test_rmse: 3.585606098175049
test_loss: 2.4367006619771323
train_mae: 0.8165891170501709
train_rmse: 1.4231351613998413
train_loss: 0.803355743487676
val_mae: 2.0808804035186768
val_rmse: 3.17746639251709
val_loss: 1.9082725445429485
