test_prcauc: 0.15520303096940283
test_rocauc: 0.7153826840997316
test_loss: 0.19189602881669998
train_prcauc: 0.8595405124791788
train_rocauc: 0.9895655800276645
train_loss: 0.06101258950562632
val_prcauc: 0.3197771882448854
val_rocauc: 0.8268389917695473
val_loss: 0.09319264617036371