test_mae: 0.9292110800743103
test_rmse: 4.46797513961792
test_loss: 0.8311853632330894
train_mae: 0.23043817281723022
train_rmse: 0.48498010635375977
train_loss: 0.2303363561630249
val_mae: 0.5234135985374451
val_rmse: 0.7748594284057617
val_loss: 0.5779551491141319
