test_prcauc: 0.3857575987643702
test_rocauc: 0.8232527248162755
test_loss: 0.17639097615452573
train_prcauc: 0.5688126370081712
train_rocauc: 0.943018595324063
train_loss: 0.08543141238866762
val_prcauc: 0.37847743749085155
val_rocauc: 0.8163738971351833
val_loss: 0.16619584398362244
