test_prcauc: 0.12208147143753693
test_rocauc: 0.7606324160870583
test_loss: 0.13309041373055705
train_prcauc: 0.4917245040689304
train_rocauc: 0.9929050884013748
train_loss: 0.10593055128474438
val_prcauc: 0.11902096002333451
val_rocauc: 0.7849097838152339
val_loss: 0.027262012403993095
