test_prcauc: 0.5629462982967325
test_rocauc: 0.7589970396403242
test_loss: 0.23728705942630768
train_prcauc: 0.8014678438367487
train_rocauc: 0.9474237926612531
train_loss: 0.17548224102907742
val_prcauc: 0.5575474332573886
val_rocauc: 0.7098256737245907
val_loss: 0.26029814779758453