test_prcauc: 0.3961578701192128
test_rocauc: 0.7308827540086764
test_OGBNanLabelloss: 0.20982584344415828
train_prcauc: 0.5960266833318068
train_rocauc: 0.8890151685506099
train_OGBNanLabelloss: 0.14324121023419983
val_prcauc: 0.39724142043829136
val_rocauc: 0.7346785850405971
val_OGBNanLabelloss: 0.27264753337307224
