mean_pred: -3.8791491985321045
std_pred: 2.071439504623413
mean_targets: -3.7976016998291016
std_targets: 2.129075765609741
mae: 0.7792682647705078
rmse: 0.9896469712257385
ogbg-molesol: 0.9896469712257385
L1Loss: 0.7704702168703079
