test_mae: 0.9441412091255188
test_rmse: 1.7349238395690918
test_loss: 0.931558758020401
train_mae: 0.26157522201538086
train_rmse: 0.3786896765232086
train_loss: 0.2592256045149219
val_mae: 0.8060145378112793
val_rmse: 1.061582326889038
val_loss: 0.7933191955089569
