mean_pred: -3.599532127380371
std_pred: 2.095238208770752
mean_targets: -3.7976016998291016
std_targets: 2.129075765609741
mae: 0.6798680424690247
rmse: 0.8808586001396179
ogbg-molesol: 0.8808586001396179
L1Loss: 0.6779195070266724
