test_mae: 0.525156557559967
test_rmse: 0.7184902429580688
test_loss: 0.525156560753073
train_mae: 0.22540995478630066
train_rmse: 0.3242972791194916
train_loss: 0.22540995780201184
val_mae: 0.5150974988937378
val_rmse: 0.7037813663482666
val_loss: 0.5150975127305303
