test_prcauc: 0.5986396342321871
test_rocauc: 0.7670628602114281
test_OGBNanLabelloss: 0.23328929860144854
train_prcauc: 0.9355839338561958
train_rocauc: 0.98514721765643
train_OGBNanLabelloss: 0.08475786373019219
val_prcauc: 0.7432387015130646
val_rocauc: 0.944725816245366
val_OGBNanLabelloss: 0.4101509952452034
