prcauc: 0.7056441174590817
rocauc: 0.816930552867087
