test_prcauc: 0.6139000950490122
test_rocauc: 0.5780856138929203
test_loss: 0.5864890217781067
train_prcauc: 0.8313930924174535
train_rocauc: 0.8754286819798273
train_loss: 0.37696976577026514
val_prcauc: 0.661386474322438
val_rocauc: 0.6115258394374851
val_loss: 0.5594644546508789