test_prcauc: 0.8840445529542997
test_rocauc: 0.8992380656196548
test_loss: 0.4420072678476572
train_prcauc: 0.983986037040143
train_rocauc: 0.9871391189325972
train_loss: 0.16341779474169016
val_prcauc: 0.8484373395296173
val_rocauc: 0.8910984848484849
val_loss: 0.4617389254271984
