test_prcauc: 0.5471776076246018
test_rocauc: 0.7269782712022049
test_loss: 0.3792709410190582
train_prcauc: 0.8073516914767773
train_rocauc: 0.9468863707917623
train_loss: 0.15528048268012584
val_prcauc: 0.6011456190942903
val_rocauc: 0.7498502178649237
val_loss: 0.3549601137638092