prcauc: 0.8167619509986961
rocauc: 0.8210745957224831 