test_mae: 0.5821560012868472
test_rmse: 0.7613922039242389
test_loss: 0.5864285966143647
train_mae: 0.26449559971846875
train_rmse: 0.3429211456868507
train_loss: 0.1893855631351471
val_mae: 0.565159913431853
val_rmse: 0.7397029528163378
val_loss: 0.5528671271278953