test_prcauc: 0.12564282520441883
test_rocauc: 0.7420472838628727
test_loss: 0.015962719310826965
train_prcauc: 0.7339901301115377
train_rocauc: 0.9959765763993964
train_loss: 0.0039163582309679435
val_prcauc: 0.08339670216191526
val_rocauc: 0.756692480055641
val_loss: 0.017582639691289332
