test_mae: 0.5116344094276428
test_rmse: 0.7032724618911743
test_loss: 0.5116343923977443
train_mae: 0.2893696427345276
train_rmse: 1.3649446964263916
train_loss: 0.289369617455772
val_mae: 0.4528815448284149
val_rmse: 0.6125076413154602
val_loss: 0.45288153844220297
