test_mae: 0.8424694538116455
test_rmse: 1.5487807989120483
test_loss: 0.8424695134162903
train_mae: 0.7119539976119995
train_rmse: 0.9321151375770569
train_loss: 0.7119539784533637
val_mae: 0.7931623458862305
val_rmse: 1.0113884210586548
val_loss: 0.7931623501437051
