test_mae: 0.6734568476676941
test_rmse: 0.8580558896064758
test_loss: 0.6734568732125419
train_mae: 0.2833034098148346
train_rmse: 0.3741231858730316
train_loss: 0.2833034296387008
val_mae: 0.6507315039634705
val_rmse: 0.8379615545272827
val_loss: 0.6507315507956913
