test_mae: 2.366696357727051
test_rmse: 7.025213241577148
test_loss: 2.076252500216166
train_mae: 0.4573496878147125
train_rmse: 0.6412650346755981
train_loss: 0.4464069538646274
val_mae: 1.9012943506240845
val_rmse: 2.88669753074646
val_loss: 1.6395057439804077
