prcauc: 0.3672410885077927
rocauc: 0.6605194174559729
