test_prcauc: 0.3361969210687487
test_rocauc: 0.6441613050161175
test_loss: 0.3071335903529463
train_prcauc: 0.4969103642930169
train_rocauc: 0.8346743973811761
train_loss: 0.15824371794295625
val_prcauc: 0.3731028094719726
val_rocauc: 0.6732111427916924
val_loss: 0.26770658431382016
