test_prcauc: 0.022751529582715802
test_rocauc: 0.7046827393301112
test_loss: 0.06873868112943514
train_prcauc: 0.8443402387396108
train_rocauc: 0.9989536405433609
train_loss: 0.0023565157208769597
val_prcauc: 0.10247656453611569
val_rocauc: 0.7060544888948778
val_loss: 0.03842292547749096
