test_prcauc: 0.3426715782392611
test_rocauc: 0.656799237744099
test_loss: 0.3025629211996877
train_prcauc: 0.5712366035481147
train_rocauc: 0.8781151706551388
train_loss: 0.13608996214261695
val_prcauc: 0.37611925178416267
val_rocauc: 0.6816050121551266
val_loss: 0.2581556255734244
