test_mae: 0.9955413937568665
test_rmse: 1.242154598236084
test_loss: 0.9960679262876511
train_mae: 0.37690362334251404
train_rmse: 0.4895097017288208
train_loss: 0.37057407248404717
val_mae: 0.9120627045631409
val_rmse: 1.2499217987060547
val_loss: 0.8990152180194855
