test_prcauc: 0.9669167287985524
test_rocauc: 0.9160337552742616
test_loss: 0.40967491269111633
train_prcauc: 0.9986608653804332
train_rocauc: 0.995741819197835
train_loss: 0.13552101742401568
val_prcauc: 0.9589468535912034
val_rocauc: 0.8968115942028987
val_loss: 0.4564770609140396