test_prcauc: 0.7307946965410543
test_rocauc: 0.7209181011997914
test_loss: 1.0572699308395386
train_prcauc: 0.9551973081595191
train_rocauc: 0.9696718036529681
train_loss: 0.2701824769602302
val_prcauc: 0.9373308573585402
val_rocauc: 0.7183150183150183
val_loss: 0.9137664437294006