test_mae: 1.7627856731414795
test_rmse: 2.367985486984253
test_loss: 1.55405855178833
train_mae: 0.6781916618347168
train_rmse: 0.8934467434883118
train_loss: 0.6780490040779114
val_mae: 0.8619623780250549
val_rmse: 1.0978683233261108
val_loss: 0.7906461258729299
