test_prcauc: 0.712199802125564
test_rocauc: 0.739697443922796
test_loss: 1.3576256185770035
train_prcauc: 0.8010446071789193
train_rocauc: 0.8651683789954339
train_loss: 0.5277967016871382
val_prcauc: 0.9519721916825876
val_rocauc: 0.7384615384615385
val_loss: 0.7728011906147003
