test_prcauc: 0.3937481344138258
test_rocauc: 0.8037976223581756
test_loss: 0.34305925000042053
train_prcauc: 0.9662878247623
train_rocauc: 0.9995415404984803
train_loss: 0.030273115098064962
val_prcauc: 0.44214569705196066
val_rocauc: 0.8252426198199906
val_loss: 0.2199410972606911
