prcauc: 0.6444105186646953
rocauc: 0.619744444695277
