test_mae: 0.4652869688307163
test_rmse: 0.6281332478537361
test_loss: 0.4179884765410713
train_mae: 0.331264726499406
train_rmse: 0.4240605477311486
train_loss: 0.22767195744173868
val_mae: 0.5239451972140902
val_rmse: 0.6949265347205448
val_loss: 0.49877629443424154