test_prcauc: 0.17275253396599785
test_rocauc: 0.7597558855906835
test_loss: 0.161372197791934
train_prcauc: 0.7877448406407553
train_rocauc: 0.9809135603336951
train_loss: 0.07315469214346668
val_prcauc: 0.32648956267101065
val_rocauc: 0.8066119194591417
val_loss: 0.09454334658734939