test_mae: 0.8854158596528315
test_rmse: 1.140795471097411
test_loss: 1.3014143068763644
train_mae: 0.4089934975787352
train_rmse: 0.5441782512310964
train_loss: 0.5671965032815933
val_mae: 0.8065835472672387
val_rmse: 0.9550106645259674
val_loss: 0.9120453693583298