test_prcauc: 0.3203877977688312
test_rocauc: 0.6218106330283505
test_loss: 0.371857108275527
train_prcauc: 0.6263146507661216
train_rocauc: 0.9065231477355067
train_loss: 0.14941270520969074
val_prcauc: 0.3682930707798879
val_rocauc: 0.6520456193291363
val_loss: 0.2950680521716733