test_prcauc: 0.6630495062614543
test_rocauc: 0.785678441084463
test_loss: 0.2340819537639618
train_prcauc: 0.943555434348169
train_rocauc: 0.9879049514644287
train_loss: 0.0769019525963813
val_prcauc: 0.8442687279316171
val_rocauc: 0.9569197583109983
val_loss: 0.11973419785499573
