prcauc: 0.16453035423796092
rocauc: 0.7812472237779795
