test_prcauc: 0.6227486608741323
test_rocauc: 0.5832790223741744
test_loss: 0.6756532788276672
train_prcauc: 0.9265139822145565
train_rocauc: 0.9549547290136372
train_loss: 0.28399345560807965
val_prcauc: 0.6722526020730639
val_rocauc: 0.6364050926535202
val_loss: 0.6430847644805908