test_prcauc: 0.9530478338712696
test_rocauc: 0.9102564102564102
test_loss: 0.3854198455810547
train_prcauc: 0.9987699542437984
train_rocauc: 0.9959874015748031
train_loss: 0.1388220349507344
val_prcauc: 0.9591700934457204
val_rocauc: 0.9124039226080043
val_loss: 0.36434778571128845