test_prcauc: 0.3335673802289248
test_rocauc: 0.7244718109251025
test_loss: 0.24157186099746467
train_prcauc: 0.5851894690995539
train_rocauc: 0.9013644156295678
train_loss: 0.1674693822015853
val_prcauc: 0.36484853945365997
val_rocauc: 0.7626282812332499
val_loss: 0.2747760399668133