test_prcauc: 0.6340848079942936
test_rocauc: 0.59789737654321
test_loss: 0.9852538704872131
train_prcauc: 0.9657314306701457
train_rocauc: 0.8691830780452225
train_loss: 0.34166181092398384
val_prcauc: 0.8778706519798055
val_rocauc: 0.9085616782093747
val_loss: 0.48029929399490356