test_prcauc: 0.36610853543680655
test_rocauc: 0.6655169417965625
test_loss: 0.31871043916406305
train_prcauc: 0.548235883546584
train_rocauc: 0.8631868055290948
train_loss: 0.14349556873719244
val_prcauc: 0.3971316418549038
val_rocauc: 0.7050234425604306
val_loss: 0.278763082006882
