test_mae: 0.5814751982688904
test_rmse: 0.8596091270446777
test_loss: 0.5548285941282908
train_mae: 0.5409694910049438
train_rmse: 0.7773314118385315
train_loss: 0.5325535817278756
val_mae: 0.6725054979324341
val_rmse: 0.9567115306854248
val_loss: 0.7129641771316528
