test_prcauc: 0.13782813594575946
test_rocauc: 0.7498773076985726
test_loss: 0.014370840645141403
train_prcauc: 0.474679775337972
train_rocauc: 0.977792334915712
train_loss: 0.006995290860962875
val_prcauc: 0.16708471412436998
val_rocauc: 0.8028054561069006
val_loss: 0.012896670193884565
