test_prcauc: 0.3967667405947687
test_rocauc: 0.8136817887154135
test_loss: 0.15029231348590363
train_prcauc: 0.7254451155144047
train_rocauc: 0.981439837866225
train_loss: 0.09700186332023199
val_prcauc: 0.43425406798417354
val_rocauc: 0.8285029205823525
val_loss: 0.13912850080930528
