prcauc: 0.37116018066664247
rocauc: 0.8205998533839826
