prcauc: 0.15324376475428017
rocauc: 0.7112623962890009 