test_prcauc: 0.19209590715769456
test_rocauc: 0.7576584124222967
test_loss: 0.1081762208789587
train_prcauc: 0.6024038944826069
train_rocauc: 0.9288144304648782
train_loss: 0.09973216049113802
val_prcauc: 0.28127484300414185
val_rocauc: 0.7436169548660966
val_loss: 0.12159014537930489