test_prcauc: 0.37363541111951204
test_rocauc: 0.7109139457162933
test_loss: 0.2248623629473486
train_prcauc: 0.5725028501307867
train_rocauc: 0.8897483024988937
train_loss: 0.17375447316123238
val_prcauc: 0.37548538610785637
val_rocauc: 0.7230817588748191
val_loss: 0.2189589375778637