test_mae: 0.5213545560836792
test_rmse: 0.842170774936676
test_loss: 0.4590947553515434
train_mae: 0.23848342895507812
train_rmse: 0.41732364892959595
train_loss: 0.23840809961160023
val_mae: 0.5755552649497986
val_rmse: 0.7949634790420532
val_loss: 0.6259352192282677
