prcauc: 0.5186351718725154
rocauc: 0.5590827338129496 