test_prcauc: 0.3514705485642316
test_rocauc: 0.7285491528856459
test_loss: 0.24260927864088574
train_prcauc: 0.5867020871936957
train_rocauc: 0.9088350641364769
train_loss: 0.1640876020470713
val_prcauc: 0.35317477991342155
val_rocauc: 0.7721921984349166
val_loss: 0.27860727320080886