test_mae: 2.5036134719848633
test_rmse: 4.003730773925781
test_loss: 2.511728882789612
train_mae: 0.2105274498462677
train_rmse: 0.3211192786693573
train_loss: 0.2096063391520427
val_mae: 0.736615777015686
val_rmse: 0.9588098526000977
val_loss: 0.6518638531366984
