test_prcauc: 0.6283057893769032
test_rocauc: 0.5910964179554821
test_loss: 0.6963593602180481
train_prcauc: 0.9231757634493525
train_rocauc: 0.9521220773439194
train_loss: 0.23514855197734302
val_prcauc: 0.6698731068563396
val_rocauc: 0.6263235891317008
val_loss: 0.8981243014335633
