test_mae: 0.9070073459253593
test_rmse: 1.1530104585872083
test_loss: 1.3294331176114844
train_mae: 0.35002200720145316
train_rmse: 0.4854802114349733
train_loss: 0.391419418156147
val_mae: 0.7447645396509114
val_rmse: 0.9775293320801973
val_loss: 0.9555635950771568