mae: 0.8729611376776416
rmse: 1.100490160729761 