test_prcauc: 0.8515350374637916
test_rocauc: 0.727745724294251
test_loss: 1.0810065269470215
train_prcauc: 0.9432573804514827
train_rocauc: 0.949972263583545
train_loss: 0.33942430726433526
val_prcauc: 0.4397575960397411
val_rocauc: 0.8731546231546231
val_loss: 0.7659300863742828