test_prcauc: 0.2217013649426469
test_rocauc: 0.7635856235153247
test_loss: 0.2702420863856062
train_prcauc: 0.4208345938044508
train_rocauc: 0.8962916514080506
train_loss: 0.5122662126430486
val_prcauc: 0.2052461607326717
val_rocauc: 0.8373597638643935
val_loss: 1.203972252777548
