test_mae: 1.5597326286435127
test_rmse: 2.0866668573358123
test_loss: 4.354178573503716
train_mae: 0.4727373166618998
train_rmse: 0.6176596994945958
train_loss: 0.7042049765586853
val_mae: 0.8535387404459088
val_rmse: 1.20580714424122
val_loss: 1.453970869103166