prcauc: 0.41083840772421015
rocauc: 0.7362364966305196 