test_prcauc: 0.4156017140077153
test_rocauc: 0.7395568009762743
test_loss: 0.2166970291768558
train_prcauc: 0.5450876478042003
train_rocauc: 0.872718554287203
train_loss: 0.1762576346623094
val_prcauc: 0.3944589408378248
val_rocauc: 0.7201271302966042
val_loss: 0.2126392671759299