test_prcauc: 0.6611643455194043
test_rocauc: 0.6393547655733965
test_OGBNanLabelloss: 0.5174488425254822
train_prcauc: 0.7649583679339691
train_rocauc: 0.8057145660414767
train_OGBNanLabelloss: 0.5115808723149476
val_prcauc: 0.6385910287861827
val_rocauc: 0.6485627465808524
val_OGBNanLabelloss: 0.5340117315451304
