prcauc: 0.6564875736768011
rocauc: 0.6266627487932644
