test_prcauc: 0.09573113517621397
test_rocauc: 0.7612158334648886
test_loss: 0.014554055347284189
train_prcauc: 0.1749915923358284
train_rocauc: 0.9280237693315342
train_loss: 0.01100606318356022
val_prcauc: 0.16760734918778605
val_rocauc: 0.8316892258281239
val_loss: 0.012555300102751334