test_prcauc: 0.7463147915357538
test_rocauc: 0.7205703355938097
test_loss: 1.9301024439434211
train_prcauc: 0.997432799158386
train_rocauc: 0.998125
train_loss: 0.08750538330343438
val_prcauc: 0.9515633573669149
val_rocauc: 0.7461538461538462
val_loss: 1.616174042224884
