test_prcauc: 0.44737200675323097
test_rocauc: 0.829927479546641
test_loss: 0.2013877358424946
train_prcauc: 0.8123073663532326
train_rocauc: 0.9665870713005345
train_loss: 0.12702628719708195
val_prcauc: 0.5037092094753433
val_rocauc: 0.8463623422130594
val_loss: 0.18734254135775857