prcauc: 0.2357861667166683
rocauc: 0.7688464435388864 