test_prcauc: 0.15388960514318648
test_rocauc: 0.7424670233106085
test_loss: 0.13461636664236293
train_prcauc: 0.5468355769700747
train_rocauc: 0.9072779702220165
train_loss: 0.09935496162750879
val_prcauc: 0.27096139925768825
val_rocauc: 0.8157027728786987
val_loss: 0.08360454264809103