test_prcauc: 0.6445770610361587
test_rocauc: 0.6098288714970478
test_loss: 0.6091817617416382
train_prcauc: 0.8582207697016536
train_rocauc: 0.9028262430449776
train_loss: 0.35109730449930426
val_prcauc: 0.6440960405550057
val_rocauc: 0.5788579405767469
val_loss: 0.6058242917060852