test_mae: 0.8110543489456177
test_rmse: 1.0503535270690918
test_loss: 0.8137240409851074
train_mae: 0.48210054636001587
train_rmse: 0.6493600010871887
train_loss: 0.4901533117217402
val_mae: 0.7182619571685791
val_rmse: 0.9955167770385742
val_loss: 0.7153367698192596
