prcauc: 0.7377958452246247
rocauc: 0.6860532407407406 