test_mae: 0.38546398282051086
test_rmse: 0.5126843452453613
test_loss: 0.38546401262283325
train_mae: 0.21436423063278198
train_rmse: 0.31902122497558594
train_loss: 0.2143642303666898
val_mae: 0.40222328901290894
val_rmse: 0.6007859706878662
val_loss: 0.40222332945891787
