test_mae: 0.6025873945617835
test_rmse: 0.8238572258887624
test_loss: 0.6787407286491273
train_mae: 0.3855716063480318
train_rmse: 0.503932835476978
train_loss: 0.47765182455380756
val_mae: 0.5440722174228562
val_rmse: 0.7253183984037914
val_loss: 0.5260867790630411