test_mae: 0.49810007214546204
test_rmse: 0.6759839653968811
test_loss: 0.49810005937303814
train_mae: 0.17747588455677032
train_rmse: 0.6680682897567749
train_loss: 0.17747589919183934
val_mae: 0.45342546701431274
val_rmse: 0.6118755340576172
val_loss: 0.4534254457269396
