test_prcauc: 0.3406060339810505
test_rocauc: 0.6586686221533024
test_loss: 0.3090515649595926
train_prcauc: 0.5176650446645924
train_rocauc: 0.8553200929216306
train_loss: 0.14910397665640016
val_prcauc: 0.3581219010905074
val_rocauc: 0.6741803185265256
val_loss: 0.2687630615262098
