prcauc: 0.3185355323282268
rocauc: 0.6570146027942384
