test_prcauc: 0.6325569274293221
test_rocauc: 0.6003796989250163
test_loss: 0.5169861614704132
train_prcauc: 0.7166608836276416
train_rocauc: 0.7540760154744688
train_loss: 0.4700360546861753
val_prcauc: 0.6325068904003066
val_rocauc: 0.5706912021877576
val_loss: 0.4902089387178421