prcauc: 0.3053168403594334
rocauc: 0.7296007289035744 