test_prcauc: 0.4374318189518951
test_rocauc: 0.8169172211843598
test_loss: 0.1219806011879083
train_prcauc: 0.6272180099028568
train_rocauc: 0.9506517506308051
train_loss: 0.0904778043687351
val_prcauc: 0.38783242254334666
val_rocauc: 0.8023054460467238
val_loss: 0.12890295221498518