prcauc: 0.7180042434436751
rocauc: 0.6749614197530864 