test_prcauc: 0.626273909961462
test_rocauc: 0.5884149456508502
test_loss: 0.5086773037910461
train_prcauc: 0.7706580732036594
train_rocauc: 0.806196290105325
train_loss: 0.43204316886841987
val_prcauc: 0.6731915611880527
val_rocauc: 0.6477176215382362
val_loss: 0.4796963632106781