prcauc: 0.6051561435216195
rocauc: 0.55456897771869 