test_mae: 0.38329508900642395
test_rmse: 0.5261126160621643
test_loss: 0.38329510390758514
train_mae: 0.15906114876270294
train_rmse: 0.24944253265857697
train_loss: 0.1590611478979034
val_mae: 0.4165283143520355
val_rmse: 0.6241046190261841
val_loss: 0.4165283164807728
