test_prcauc: 0.6429025973366614
test_rocauc: 0.6200585716424649
test_loss: 0.5195460915565491
train_prcauc: 0.7972192050846466
train_rocauc: 0.8379764825688156
train_loss: 0.41015433342374463
val_prcauc: 0.6788734800841091
val_rocauc: 0.6452721322477285
val_loss: 0.4969838559627533