test_mae: 0.4361248377015075
test_rmse: 0.6050465253604911
test_loss: 0.38970329744846777
train_mae: 0.2995338411484623
train_rmse: 0.3853982188962854
train_loss: 0.20042492129973002
val_mae: 0.5008478595327078
val_rmse: 0.7006584729642377
val_loss: 0.49436894290316014