prcauc: 0.44127395534516056
rocauc: 0.7489118290079787
