test_prcauc: 0.4277018916855393
test_rocauc: 0.7482971263356054
test_loss: 0.268352028588916
train_prcauc: 0.5638281443970989
train_rocauc: 0.8780293667626907
train_loss: 0.20642197528733544
val_prcauc: 0.40625548523647026
val_rocauc: 0.7383966163147698
val_loss: 0.23803135198216105
