prcauc: 0.5326531507674147
rocauc: 0.5879639766447711 