test_mae: 3.2907070338353517
test_rmse: 4.6759227998187685
test_loss: 21.864254029864995
train_mae: 1.3918129136994988
train_rmse: 1.6279888444474555
train_loss: 2.219192624092102
val_mae: 1.2984707303227563
val_rmse: 1.8094817944624078
val_loss: 3.2742243644908955