prcauc: 0.6720686369982791
rocauc: 0.8215540610989469
