prcauc: 0.3698564260457743
rocauc: 0.6714410019109488
