mae: 0.6433226466178894
rmse: 1.2431503534317017
