test_mae: 0.4633947014808655
test_rmse: 0.6033161878585815
test_loss: 0.4633947206395013
train_mae: 0.40918514132499695
train_rmse: 0.5540955066680908
train_loss: 0.4091851423893656
val_mae: 0.5107033848762512
val_rmse: 0.6921366453170776
val_loss: 0.5107034146785736
