test_mae: 0.37953558564186096
test_rmse: 0.5204933285713196
test_loss: 0.379535579255649
train_mae: 0.22649487853050232
train_rmse: 0.3233426809310913
train_loss: 0.22649488584803684
val_mae: 0.43105053901672363
val_rmse: 0.6113584637641907
val_loss: 0.43105052624429974
