prcauc: 0.16380658603161552
rocauc: 0.7552173661136754
