test_mae: 0.5889040231704712
test_rmse: 0.7739758491516113
test_loss: 0.5889040359428951
train_mae: 0.16099315881729126
train_rmse: 0.714824378490448
train_loss: 0.16099316573568753
val_mae: 0.5742394328117371
val_rmse: 0.7442521452903748
val_loss: 0.574239439197949
