mae: 1.6888585090637207
rmse: 2.4197640419006348
