test_prcauc: 0.6304615916573586
test_rocauc: 0.8542452994126438
test_loss: 0.3588907152414322
train_prcauc: 0.9769928561368388
train_rocauc: 0.9923033417462969
train_loss: 0.055968396191019565
val_prcauc: 0.7866854866924129
val_rocauc: 0.9575322564759184
val_loss: 0.10294150392292067
