test_mae: 2.3306908511370423
test_rmse: 3.162332541533988
test_loss: 10.000347103244813
train_mae: 0.4800074089150839
train_rmse: 0.650172959156136
train_loss: 1.0131755471229553
val_mae: 2.7354033512342717
val_rmse: 4.094808899732715
val_loss: 16.767459925330243