test_mae: 0.8231407999992371
test_rmse: 1.0875028371810913
test_loss: 0.8397035499413809
train_mae: 0.22894126176834106
train_rmse: 0.3302043676376343
train_loss: 0.2315353944345757
val_mae: 0.6754599809646606
val_rmse: 0.8787757158279419
val_loss: 0.666718194882075
