test_prcauc: 0.7691831369156064
test_rocauc: 0.9419049202127658
test_loss: 0.1443824446760118
train_prcauc: 0.9540144354500375
train_rocauc: 0.9917751934912337
train_loss: 0.0680110659605513
val_prcauc: 0.7944536900969006
val_rocauc: 0.9282190341506792
val_loss: 0.17234020978212355
