test_prcauc: 0.8067768934653392
test_rocauc: 0.8054251434533124
test_loss: 1.3645561933517456
train_prcauc: 0.9999826658466688
train_rocauc: 0.9999885844748858
train_loss: 0.04476799590151537
val_prcauc: 0.9480965317897844
val_rocauc: 0.7230769230769232
val_loss: 2.0343332290649414