test_prcauc: 0.666520641175314
test_rocauc: 0.8278517366813267
test_loss: 0.21444813907146454
train_prcauc: 0.9215848864814273
train_rocauc: 0.9846397669653365
train_loss: 0.10254681152956827
val_prcauc: 0.8366540570774645
val_rocauc: 0.9498705530251739
val_loss: 0.1282984665594995
