test_prcauc: 0.35976589523074026
test_rocauc: 0.667518444414898
test_loss: 0.6865674200756796
train_prcauc: 0.5806601482727322
train_rocauc: 0.8827871558051926
train_loss: 0.15353279160620345
val_prcauc: 0.4183730866727941
val_rocauc: 0.6976572359946955
val_loss: 0.24680417416424588
