prcauc: 0.39088609664106166
rocauc: 0.7602985952129903 