test_mae: 1.3021703789010644
test_rmse: 1.8173221803863004
test_loss: 3.302659907324017
train_mae: 0.5577471523150189
train_rmse: 0.7203925471977982
train_loss: 0.6812826097011566
val_mae: 1.9434730320051312
val_rmse: 2.5327648287409312
val_loss: 6.414897677707078