mae: 1.2973651887243611
rmse: 1.8086268617422945 