test_prcauc: 0.6383885939638511
test_rocauc: 0.6281828703703705
test_loss: 0.9663162231445312
train_prcauc: 0.9695396526202472
train_rocauc: 0.882415979352522
train_loss: 0.34063942671387953
val_prcauc: 0.8479520664909106
val_rocauc: 0.9163906453879354
val_loss: 0.38376161456108093