prcauc: 0.18734567526707144
rocauc: 0.7403097780953669 