prcauc: 0.6160090632224469
rocauc: 0.6098146328531527 