test_prcauc: 0.6169032880995826
test_rocauc: 0.6112882465026791
test_loss: 0.5508828163146973
train_prcauc: 0.7134511230966966
train_rocauc: 0.7420124961421437
train_loss: 0.46110873375907835
val_prcauc: 0.6750040805215983
val_rocauc: 0.6637527685873492
val_loss: 0.4764784127473831