test_mae: 0.639167308807373
test_rmse: 1.0360219478607178
test_loss: 0.6052461385726928
train_mae: 0.3017439842224121
train_rmse: 0.5044848918914795
train_loss: 0.30116116542082566
val_mae: 0.667460560798645
val_rmse: 1.054563045501709
val_loss: 0.7248412489891052
