prcauc: 0.32588415147638916
rocauc: 0.7517978165935272
