mae: 0.5770768337604546
rmse: 0.7427182112332963 