test_prcauc: 0.32348236586789914
test_rocauc: 0.8002394793255954
test_loss: 0.13445165522221098
train_prcauc: 0.6721429393301781
train_rocauc: 0.9650452704168483
train_loss: 0.08029433719282367
val_prcauc: 0.36826956233551356
val_rocauc: 0.8496503282382912
val_loss: 0.08309269768347882
