test_prcauc: 0.7048547275352126
test_rocauc: 0.8846868310730871
test_loss: 0.18013412784785032
train_prcauc: 0.930288154574586
train_rocauc: 0.9875237189286901
train_loss: 0.08681902278746878
val_prcauc: 0.9450814419692022
val_rocauc: 0.9816957942597329
val_loss: 0.12837890174705535
