test_prcauc: 0.36700728646885705
test_rocauc: 0.6597472033533787
test_OGBNanLabelloss: 0.31627740942198657
train_prcauc: 0.618360674311586
train_rocauc: 0.8978039301940209
train_OGBNanLabelloss: 0.12950720721001707
val_prcauc: 0.42092186974024687
val_rocauc: 0.7158700323152174
val_OGBNanLabelloss: 0.2517340635431224
