test_prcauc: 0.10829587901419682
test_rocauc: 0.7236738649136034
test_loss: 0.01628078744032531
train_prcauc: 0.2806589782549909
train_rocauc: 0.9559190419829191
train_loss: 0.008579196320012875
val_prcauc: 0.2064194067935383
val_rocauc: 0.7916255003608313
val_loss: 0.013875139463102218
