test_mae: 2.1899755001068115
test_rmse: 2.6712443828582764
test_loss: 2.0947678089141846
train_mae: 0.4683780372142792
train_rmse: 0.6148976683616638
train_loss: 0.4677968902720345
val_mae: 1.9901927709579468
val_rmse: 2.7949860095977783
val_loss: 2.101961533228556
