test_prcauc: 0.5325798325218534
test_rocauc: 0.5524602057484447
test_loss: 0.642048716545105
train_prcauc: 0.5981474496939946
train_rocauc: 0.7711569682149031
train_loss: 0.4301336381858912
val_prcauc: 0.591892394578256
val_rocauc: 0.8813257165369842
val_loss: 0.5562205910682678