mae: 1.4267990403175355
rmse: 2.068176172019605 