test_mae: 1.4219676054716108
test_rmse: 2.066410709202536
test_loss: 4.270053219106928
train_mae: 0.39727852266473523
train_rmse: 0.5280893114960066
train_loss: 0.5382391810417175
val_mae: 0.833825645442856
val_rmse: 1.1810283241966268
val_loss: 1.3948279025546926