test_mae: 0.47059258782276064
test_rmse: 0.6316151791481509
test_loss: 0.4181579506030111
train_mae: 0.35024257132127173
train_rmse: 0.44995019148457094
train_loss: 0.29064788669347763
val_mae: 0.5202768400354147
val_rmse: 0.6862953732741172
val_loss: 0.4710984197276027