test_prcauc: 0.613953771640952
test_rocauc: 0.5622598601511333
test_loss: 0.5603156089782715
train_prcauc: 0.8162057931670782
train_rocauc: 0.857286576659196
train_loss: 0.38969696351134725
val_prcauc: 0.6654280314240956
val_rocauc: 0.6279896676748291
val_loss: 0.5242863297462463