test_mae: 0.5936533920372233
test_rmse: 0.8220667395986926
test_loss: 0.6757937243544245
train_mae: 0.47430939170714415
train_rmse: 0.6250079569018269
train_loss: 0.7565746307373047
val_mae: 0.5503797198900809
val_rmse: 0.7109180708176133
val_loss: 0.505404503415037