test_prcauc: 0.72251506898964
test_rocauc: 0.7153538515040863
test_loss: 2.7185966968536377
train_prcauc: 0.9998972192242064
train_rocauc: 0.9999315068493151
train_loss: 0.08053020489525138
val_prcauc: 0.9425141458948579
val_rocauc: 0.7384615384615385
val_loss: 2.037362575531006