test_prcauc: 0.6862148595445905
test_rocauc: 0.8828219568740896
test_loss: 0.22848626412451267
train_prcauc: 0.9044660077305684
train_rocauc: 0.9841403978564095
train_loss: 0.11328650114259549
val_prcauc: 0.9598614291662261
val_rocauc: 0.9894631524107228
val_loss: 0.0846737286192365
