test_mae: 0.5083949565887451
test_rmse: 0.6885279417037964
test_loss: 0.5083949736186436
train_mae: 0.1883569359779358
train_rmse: 0.2790238857269287
train_loss: 0.18835693092218467
val_mae: 0.4509233236312866
val_rmse: 0.621017575263977
val_loss: 0.4509233257600239
