test_prcauc: 0.7893890752358077
test_rocauc: 0.785602503912363
test_loss: 2.458135729034742
train_prcauc: 1.0
train_rocauc: 1.0
train_loss: 0.001275051854019871
val_prcauc: 0.9539256438235475
val_rocauc: 0.7652014652014653
val_loss: 1.8008206288019817
