test_prcauc: 0.629926669002518
test_rocauc: 0.5943454140281885
test_OGBNanLabelloss: 0.6653368353843689
train_prcauc: 0.8850445285364326
train_rocauc: 0.9212601586828824
train_OGBNanLabelloss: 0.30490777475966346
val_prcauc: 0.6688523782682863
val_rocauc: 0.6259249505612308
val_OGBNanLabelloss: 0.583585000038147
