test_prcauc: 0.6377651217444681
test_rocauc: 0.6062285418697239
test_loss: 0.5578858521249559
train_prcauc: 0.8222169153659652
train_rocauc: 0.8754251109869202
train_loss: 0.3436400868274547
val_prcauc: 0.6401658484582633
val_rocauc: 0.5970113764984535
val_loss: 0.5697768827279409
