test_prcauc: 0.3824150346317149
test_rocauc: 0.712057364370328
test_loss: 0.23100709727254123
train_prcauc: 0.6414257213873138
train_rocauc: 0.9185099404659423
train_loss: 0.1584911589364083
val_prcauc: 0.3817395139756168
val_rocauc: 0.7184184352396948
val_loss: 0.22110500588216264