mae: 0.5694590307690558
rmse: 0.7319195008887479 