test_mae: 0.5676956718419752
test_rmse: 0.730634111608784
test_loss: 0.5422824562085108
train_mae: 0.36789696174606573
train_rmse: 0.47820630869746406
train_loss: 0.3223724663257599
val_mae: 0.5807583959479891
val_rmse: 0.7626339140001934
val_loss: 0.608198421450644