test_mae: 0.5488682985305786
test_rmse: 0.9336135387420654
test_loss: 0.5000984519720078
train_mae: 0.31043490767478943
train_rmse: 0.4954947531223297
train_loss: 0.3102194994688034
val_mae: 0.5541824102401733
val_rmse: 0.8414709568023682
val_loss: 0.6003262773156166
