test_prcauc: 0.11156211380576128
test_rocauc: 0.7395192777975436
test_loss: 0.016226852049979305
train_prcauc: 0.6554278216371837
train_rocauc: 0.9951788422639614
train_loss: 0.006905054159523132
val_prcauc: 0.14369732349808625
val_rocauc: 0.8759536547901305
val_loss: 0.011836358793461534