test_mae: 0.6620267033576965
test_rmse: 1.0942777395248413
test_loss: 0.6445033192634583
train_mae: 0.3136899471282959
train_rmse: 0.6968956589698792
train_loss: 0.3125773393190824
val_mae: 0.6334698796272278
val_rmse: 1.0579692125320435
val_loss: 0.6546406626701355
