test_prcauc: 0.14551313334305088
test_rocauc: 0.7649733360600321
test_loss: 0.016657356852388543
train_prcauc: 0.4861034198852008
train_rocauc: 0.9829609622408517
train_loss: 0.006208314957521997
val_prcauc: 0.2089028279493667
val_rocauc: 0.8094663000760579
val_loss: 0.014514131692928409
