test_prcauc: 0.8268703823703881
test_rocauc: 0.8224656581464093
test_loss: 0.8796190321445465
train_prcauc: 0.9245048991893741
train_rocauc: 0.9472602739726026
train_loss: 0.8869916585887351
val_prcauc: 0.9416143605661027
val_rocauc: 0.7157509157509158
val_loss: 0.9737619124352932
