test_mae: 0.5350480911405313
test_rmse: 0.7237973122926352
test_loss: 0.510104495028797
train_mae: 0.27627297922336896
train_rmse: 0.35684470756379366
train_loss: 0.17333763731377466
val_mae: 0.5318472005579443
val_rmse: 0.7122935902892676
val_loss: 0.4960830352706951