test_prcauc: 0.6227598327669106
test_rocauc: 0.5865967522859816
test_OGBNanLabelloss: 0.5294170280297598
train_prcauc: 0.7217923175590398
train_rocauc: 0.7674122245159488
train_OGBNanLabelloss: 0.44334155652258134
val_prcauc: 0.6410096246619732
val_rocauc: 0.5954232775967905
val_OGBNanLabelloss: 0.5906509624587165
