prcauc: 0.6261094282601177
rocauc: 0.5915444050539976
