test_mae: 0.5050720055482928
test_rmse: 0.6755694319453215
test_loss: 0.4750660349116864
train_mae: 0.3041412737198056
train_rmse: 0.38963721655630695
train_loss: 0.2000591591000557
val_mae: 0.48146156601226403
val_rmse: 0.6605532599733672
val_loss: 0.43509368307577095