test_prcauc: 0.9701395709346748
test_rocauc: 0.91374321880651
test_loss: 0.3192013055086136
train_prcauc: 0.9968649426488799
train_rocauc: 0.9900099161238365
train_loss: 0.16530304992610192
val_prcauc: 0.9579862800780365
val_rocauc: 0.9066376811594203
val_loss: 0.42431268095970154