test_prcauc: 0.31916311960810445
test_rocauc: 0.6311227504954056
test_loss: 0.4173036117492051
train_prcauc: 0.4867839444701096
train_rocauc: 0.8329434906291721
train_loss: 0.15142991642879192
val_prcauc: 0.37062017485548
val_rocauc: 0.6846996400328498
val_loss: 0.25507758031117506
