test_prcauc: 0.9542223983967029
test_rocauc: 0.8782636450686243
test_loss: 0.5191444700414484
train_prcauc: 0.9993617338783625
train_rocauc: 0.9978629570141291
train_loss: 0.060788583592511714
val_prcauc: 0.9602687619145612
val_rocauc: 0.9192990415697839
val_loss: 0.3683787689290263
