prcauc: 0.9708887611065187
rocauc: 0.9108841366102776
