test_prcauc: 0.4165204024105177
test_rocauc: 0.730418360180511
test_loss: 0.20852354637885337
train_prcauc: 0.4709450387029279
train_rocauc: 0.8235748894749818
train_loss: 0.19418731059878636
val_prcauc: 0.3913184357340808
val_rocauc: 0.7169528417432162
val_loss: 0.2073856885267349