test_prcauc: 0.6709385278579202
test_rocauc: 0.8852792492595124
test_loss: 0.2181204855442047
train_prcauc: 0.8379904207409368
train_rocauc: 0.9637255444698637
train_loss: 0.14105453441472537
val_prcauc: 0.5914170744094202
val_rocauc: 0.7057186061439872
val_loss: 0.3449040353298187