test_prcauc: 0.7239974159264351
test_rocauc: 0.6974439227960354
test_loss: 3.138193150361379
train_prcauc: 1.0
train_rocauc: 1.0
train_loss: 0.010321620874470326
val_prcauc: 0.9243941159610276
val_rocauc: 0.6659340659340659
val_loss: 0.7800969953338305
