test_mae: 0.4599519371986389
test_rmse: 1.1475980281829834
test_loss: 0.45995198545001803
train_mae: 0.19001680612564087
train_rmse: 0.2672426402568817
train_loss: 0.19001681722548544
val_mae: 0.40334585309028625
val_rmse: 0.5730999708175659
val_loss: 0.40334583038375493
