test_prcauc: 0.6829851206142267
test_rocauc: 0.6684569469883636
test_loss: 0.4927457017557962
train_prcauc: 0.7798255081025599
train_rocauc: 0.8192111670974013
train_loss: 0.39909252244979143
val_prcauc: 0.6624442528396649
val_rocauc: 0.65925172225635
val_loss: 0.5126189163752964
