prcauc: 0.6606996966488872
rocauc: 0.6399581249159247
