test_prcauc: 0.4475436964130417
test_rocauc: 0.833164160974897
test_loss: 0.21282244339219347
train_prcauc: 0.7336275367524691
train_rocauc: 0.9491675337173003
train_loss: 0.1398863978551056
val_prcauc: 0.469327137067272
val_rocauc: 0.845274189766421
val_loss: 0.19980863037184432