test_prcauc: 0.31292561778256356
test_rocauc: 0.6108994657708785
test_loss: 0.3576190459560553
train_prcauc: 0.5598155172578255
train_rocauc: 0.8769034691627289
train_loss: 0.16478940940957323
val_prcauc: 0.34510783458276034
val_rocauc: 0.6372563042311984
val_loss: 0.2925046402927419