test_prcauc: 0.6682883190899022
test_rocauc: 0.878558776663042
test_loss: 0.45532602816820145
train_prcauc: 0.9036072130346289
train_rocauc: 0.9869851531317595
train_loss: 0.11414164795673319
val_prcauc: 0.9197588764371656
val_rocauc: 0.9848808847210382
val_loss: 0.09583670792926569
