prcauc: 0.6722260760910714
rocauc: 0.8720281693030508
