test_prcauc: 0.3239849884153779
test_rocauc: 0.622741678344783
test_loss: 0.34378089148604185
train_prcauc: 0.568808565985719
train_rocauc: 0.8843461875102083
train_loss: 0.16288011371845426
val_prcauc: 0.37673605683717765
val_rocauc: 0.6697626061236294
val_loss: 0.27891086633897133