test_prcauc: 0.13806939898489357
test_rocauc: 0.728463880339148
test_loss: 0.0789643910637187
train_prcauc: 0.9122077921259317
train_rocauc: 0.9998614585517577
train_loss: 0.0781838273567733
val_prcauc: 0.09834186320778189
val_rocauc: 0.7513572831730103
val_loss: 0.02327125140843402
