test_prcauc: 0.36968937106949523
test_rocauc: 0.7918989849833148
test_loss: 0.6204987629417978
train_prcauc: 0.44383323892946613
train_rocauc: 0.8758097185300965
train_loss: 0.40977508876618735
val_prcauc: 0.34963147741752226
val_rocauc: 0.830963571472108
val_loss: 0.28123038920803345
