test_prcauc: 0.612512545761912
test_rocauc: 0.5721438894330054
test_loss: 0.6173666715621948
train_prcauc: 0.8701515798897552
train_rocauc: 0.9119772248987178
train_loss: 0.33776255900476315
val_prcauc: 0.6720449030766338
val_rocauc: 0.632119089698022
val_loss: 0.5732897520065308