test_mae: 0.5926536917686462
test_rmse: 0.7669080495834351
test_loss: 0.5926537024123328
train_mae: 0.16513171792030334
train_rmse: 0.9443657994270325
train_loss: 0.16513171565851995
val_mae: 0.5652784109115601
val_rmse: 0.7261109352111816
val_loss: 0.5652783981391362
