test_prcauc: 0.15045555285874634
test_rocauc: 0.7578593638347594
test_loss: 0.18000886238673153
train_prcauc: 0.8324837473588924
train_rocauc: 0.9863308986870277
train_loss: 0.0676868315861604
val_prcauc: 0.267888360227946
val_rocauc: 0.8248701744072113
val_loss: 0.09578777772977072