mae: 0.5373484420308045
rmse: 0.7072294396157818 