test_prcauc: 0.6404638872774059
test_rocauc: 0.6185338870592451
test_loss: 0.5225509405136108
train_prcauc: 0.79789426724538
train_rocauc: 0.8380025295084594
train_loss: 0.410440975412104
val_prcauc: 0.6806812981637904
val_rocauc: 0.6469174167726172
val_loss: 0.49820417165756226