test_prcauc: 0.6350028273563888
test_rocauc: 0.606669491645863
test_loss: 0.6454977989196777
train_prcauc: 0.9112246165684432
train_rocauc: 0.9420487650829826
train_loss: 0.3051014940774493
val_prcauc: 0.680145857220018
val_rocauc: 0.6513283610395872
val_loss: 0.5751259922981262