test_prcauc: 0.5791629607140169
test_rocauc: 0.7471168154761905
test_loss: 0.2657259702682495
train_prcauc: 0.7686998273968495
train_rocauc: 0.9307038371073924
train_loss: 0.20111252947942576
val_prcauc: 0.5584238271737064
val_rocauc: 0.7074945712129828
val_loss: 0.30589886009693146