test_mae: 0.7305596470832825
test_rmse: 0.9518115520477295
test_loss: 0.7151574604213238
train_mae: 0.24342675507068634
train_rmse: 0.3721146881580353
train_loss: 0.24442044872304666
val_mae: 0.745618999004364
val_rmse: 0.9418526887893677
val_loss: 0.739280678331852
