test_mae: 0.4689302016714039
test_rmse: 0.6503928840486337
test_loss: 0.42301090362109955
train_mae: 0.3426931249925933
train_rmse: 0.4763584269930662
train_loss: 0.528308779001236
val_mae: 0.4850786578866857
val_rmse: 0.6501567907782411
val_loss: 0.4227038525950616