mae: 0.49436407312014524
rmse: 0.672199904577659 