test_prcauc: 0.304396556174206
test_rocauc: 0.6122793851890955
test_loss: 0.3250605883003737
train_prcauc: 0.42877257436216426
train_rocauc: 0.7934724636469628
train_loss: 0.19372301799830713
val_prcauc: 0.351852644454952
val_rocauc: 0.6334089810278782
val_loss: 0.2818697409789768