test_prcauc: 0.23108758361993872
test_rocauc: 0.7839379055707623
test_loss: 0.12153366369249534
train_prcauc: 0.5132221454912012
train_rocauc: 0.8932157375676116
train_loss: 0.2571499730819293
val_prcauc: 0.3067754941549182
val_rocauc: 0.758423590736001
val_loss: 0.1457747363720487
