test_prcauc: 0.07288017601637328
test_rocauc: 0.7030508557188394
test_loss: 0.08070407295643298
train_prcauc: 0.6296497923073221
train_rocauc: 0.9934694165242827
train_loss: 0.010235085373544018
val_prcauc: 0.12451632832062695
val_rocauc: 0.791421323438201
val_loss: 0.038374383519705915
