test_prcauc: 0.7673994048293871
test_rocauc: 0.7748217701269345
test_loss: 1.4681070397297542
train_prcauc: 0.997365845416918
train_rocauc: 0.9982762557077626
train_loss: 0.07415203955705936
val_prcauc: 0.9519010128939195
val_rocauc: 0.7402930402930403
val_loss: 1.579073245326678
