test_prcauc: 0.37752559158866567
test_rocauc: 0.7204726971325088
test_loss: 0.20686570997268813
train_prcauc: 0.5175987598067647
train_rocauc: 0.858144068616218
train_loss: 0.1856028228923079
val_prcauc: 0.37761393165623924
val_rocauc: 0.7225604765654541
val_loss: 0.19039001439050451