prcauc: 0.3431977855793951
rocauc: 0.6598471142765854
