test_prcauc: 0.638291940692583
test_rocauc: 0.6035446908265555
test_loss: 0.6498454689979554
train_prcauc: 0.9115879896595885
train_rocauc: 0.9484360038543995
train_loss: 0.23640383904178938
val_prcauc: 0.6825871139019171
val_rocauc: 0.6393808775378205
val_loss: 0.5799020826816559
