test_prcauc: 0.6182266662846558
test_rocauc: 0.5827665188710889
test_loss: 0.5143231749534607
train_prcauc: 0.7231431060566924
train_rocauc: 0.7532311821447435
train_loss: 0.4641442116660223
val_prcauc: 0.6575414638559635
val_rocauc: 0.6133635670520257
val_loss: 0.4862684905529022