test_prcauc: 0.35101065040972673
test_rocauc: 0.7404802891198049
test_loss: 0.2714827647708471
train_prcauc: 0.6869644950001343
train_rocauc: 0.9355289771073556
train_loss: 0.14421939658711116
val_prcauc: 0.3646315838146541
val_rocauc: 0.7801536209592083
val_loss: 0.2887660398363547