test_mae: 0.6372659206390381
test_rmse: 0.8252752423286438
test_loss: 0.6372659312827247
train_mae: 0.32385727763175964
train_rmse: 0.909782886505127
train_loss: 0.32385726778634955
val_mae: 0.6336978077888489
val_rmse: 0.7977157235145569
val_loss: 0.6336977928876877
