test_prcauc: 0.6521911273468495
test_rocauc: 0.6304047236888761
test_OGBNanLabelloss: 0.5897227658165826
train_prcauc: 0.8148738592094056
train_rocauc: 0.8540441700576595
train_OGBNanLabelloss: 0.394224520082827
val_prcauc: 0.6413667672224302
val_rocauc: 0.6554382807513993
val_OGBNanLabelloss: 0.5941649741596646
