test_prcauc: 0.32468826266012657
test_rocauc: 0.6356956795928802
test_loss: 0.3553257913058549
train_prcauc: 0.6065295638730128
train_rocauc: 0.9020783950845292
train_loss: 0.15686644708339081
val_prcauc: 0.37118232575802157
val_rocauc: 0.664961107219257
val_loss: 0.2835264794231712