test_mae: 0.8332672119140625
test_rmse: 1.0382754802703857
test_loss: 0.8322302252054214
train_mae: 0.8109849691390991
train_rmse: 1.056692123413086
train_loss: 0.8005855064238271
val_mae: 1.0333900451660156
val_rmse: 1.2889997959136963
val_loss: 1.0204337984323502
