test_mae: 2.143828150779009
test_rmse: 3.0106470716808875
test_loss: 9.063995790220702
train_mae: 0.5379432291687701
train_rmse: 0.7420374316529494
train_loss: 0.9354084134101868
val_mae: 2.637917320951819
val_rmse: 4.038236633059567
val_loss: 16.30735510458426