test_prcauc: 0.9651748293685412
test_rocauc: 0.8909465020576132
test_loss: 0.5776716598442623
train_prcauc: 0.9998676940734617
train_rocauc: 0.9995648389904265
train_loss: 0.03786748667162928
val_prcauc: 0.9789371771832671
val_rocauc: 0.9451851851851852
val_loss: 0.34080869598048075
