test_prcauc: 0.7715191098491367
test_rocauc: 0.775169535732916
test_loss: 0.7272745966911316
train_prcauc: 0.9283593408673406
train_rocauc: 0.9550342465753425
train_loss: 0.3024641309614836
val_prcauc: 0.9412032157274512
val_rocauc: 0.7153846153846154
val_loss: 0.6377118229866028