prcauc: 0.8161941103096959
rocauc: 0.8057729090592941 