test_prcauc: 0.421820490073499
test_rocauc: 0.7420586727371313
test_loss: 0.20737884124351103
train_prcauc: 0.5423056985922572
train_rocauc: 0.8593437673512576
train_loss: 0.15822768326274197
val_prcauc: 0.4173926145620649
val_rocauc: 0.741513472690186
val_loss: 0.20561466366052628
