test_mae: 0.6441549062728882
test_rmse: 0.8453822731971741
test_loss: 0.6441549169165748
train_mae: 0.2239619344472885
train_rmse: 2.264810562133789
train_loss: 0.22396194961454188
val_mae: 0.5746496319770813
val_rmse: 0.7570093870162964
val_loss: 0.5746496043034962
