prcauc: 0.16386632588421549
rocauc: 0.7275845419957899 