test_prcauc: 0.37162486238888426
test_rocauc: 0.7120240446967122
test_loss: 0.2431933848554519
train_prcauc: 0.6717156679002423
train_rocauc: 0.9304152693441352
train_loss: 0.1533601194558154
val_prcauc: 0.3826214855134747
val_rocauc: 0.7238167514256696
val_loss: 0.23038791460945385