prcauc: 0.37302416264735727
rocauc: 0.7124212047032852 