test_prcauc: 0.48475987965757583
test_rocauc: 0.8453063826770709
test_loss: 0.1964929903734405
train_prcauc: 0.6335653375609249
train_rocauc: 0.9241647160339056
train_loss: 0.14875994800667094
val_prcauc: 0.4584650997493114
val_rocauc: 0.8425084149919903
val_loss: 0.18037379786091032
