test_mae: 2.0657732486724854
test_rmse: 3.058320999145508
test_loss: 1.9452175696690877
train_mae: 0.6634734272956848
train_rmse: 0.923130452632904
train_loss: 0.6498030092981126
val_mae: 1.7565163373947144
val_rmse: 2.408773422241211
val_loss: 1.6982179880142212
