test_prcauc: 0.7799185853375612
test_rocauc: 0.8445181255526083
test_loss: 0.7101632654666901
train_prcauc: 0.9808828210047436
train_rocauc: 0.9840447423347151
train_loss: 0.23403929592701075
val_prcauc: 0.8071208950638278
val_rocauc: 0.8334430546412114
val_loss: 0.7028655409812927