test_mae: 1.1790272386263956
test_rmse: 1.454011001463868
test_loss: 2.1141479923779603
train_mae: 0.5237916807068572
train_rmse: 0.6734582958591646
train_loss: 0.44366512447595596
val_mae: 1.105009865162647
val_rmse: 1.382428373661089
val_loss: 1.9111082083032433