test_prcauc: 0.06884631191747739
test_rocauc: 0.7257215765422406
test_loss: 0.01483144471099615
train_prcauc: 0.17473964235389475
train_rocauc: 0.9115467880295979
train_loss: 0.011521643218883906
val_prcauc: 0.13267886419508693
val_rocauc: 0.8107074483859767
val_loss: 0.012727441016283368