mae: 1.8964811554620973
rmse: 2.588781091021315 