test_mae: 2.686096668243408
test_rmse: 3.1361277103424072
test_loss: 2.416590929031372
train_mae: 0.9468058347702026
train_rmse: 1.2770286798477173
train_loss: 0.9343995451927185
val_mae: 2.624866485595703
val_rmse: 3.8656351566314697
val_loss: 2.1777867476145425
