test_prcauc: 0.22943082315183075
test_rocauc: 0.7634110153232203
test_loss: 0.11655297164705772
train_prcauc: 0.49390722139127236
train_rocauc: 0.9012877280290519
train_loss: 0.10529929296268771
val_prcauc: 0.2727486129466066
val_rocauc: 0.7774379036005854
val_loss: 0.13169411500210612
