test_mae: 0.7463023662567139
test_rmse: 0.9359119534492493
test_loss: 0.7417696416378021
train_mae: 0.3038162887096405
train_rmse: 0.47082632780075073
train_loss: 0.30120902917077463
val_mae: 0.7221976518630981
val_rmse: 0.9808013439178467
val_loss: 0.713057205080986
