mae: 0.4655753581699203
rmse: 0.6319268067637304 