test_mae: 0.514295752903819
test_rmse: 0.683950696259428
test_loss: 0.46778855491375626
train_mae: 0.37144234439450774
train_rmse: 0.49089386812038804
train_loss: 0.6950509175658226
val_mae: 0.49335080701994466
val_rmse: 0.6577230663577873
val_loss: 0.43259963201909024