test_prcauc: 0.3458601124270224
test_rocauc: 0.758560892370744
test_loss: 0.2687999015605008
train_prcauc: 0.5486655023614448
train_rocauc: 0.8956772802549802
train_loss: 0.166879425743265
val_prcauc: 0.3837829910980109
val_rocauc: 0.8124456708584313
val_loss: 0.24730173967502736
