test_prcauc: 0.15439852465995973
test_rocauc: 0.6866818594410863
test_loss: 0.16161147065703635
train_prcauc: 0.7263206430762086
train_rocauc: 0.9649057130308513
train_loss: 0.07647606131001804
val_prcauc: 0.2637627511882468
val_rocauc: 0.8008799970605527
val_loss: 0.10422745936133045
