test_mae: 0.5919503675592797
test_rmse: 0.7688920503955998
test_loss: 0.5827931164862927
train_mae: 0.2370267593099159
train_rmse: 0.3004752029887477
train_loss: 0.17403520963021687
val_mae: 0.6126018089666253
val_rmse: 0.7965214727110959
val_loss: 0.6265954351804439