mae: 0.9893421980970728
rmse: 1.4044517590555345 