test_mae: 0.9935405888093256
test_rmse: 1.4203953546891894
test_loss: 2.0175229636226284
train_mae: 0.29665463045393753
train_rmse: 0.4004351954324374
train_loss: 0.3996756275494893
val_mae: 0.8917854851235284
val_rmse: 1.1432109773303316
val_loss: 1.3069313386885717