test_prcauc: 0.11399901258775326
test_rocauc: 0.7288128391819078
test_loss: 1.3340305653468207
train_prcauc: 0.23992172195351114
train_rocauc: 0.7745755302514278
train_loss: 0.13918570013769452
val_prcauc: 0.1350950717201505
val_rocauc: 0.792879188712522
val_loss: 0.652826471740137
