test_prcauc: 0.34272393997526
test_rocauc: 0.758521247656596
test_loss: 0.2617266398889047
train_prcauc: 0.5245900607300837
train_rocauc: 0.8982866538869735
train_loss: 0.19861018137213146
val_prcauc: 0.3833430494226157
val_rocauc: 0.8032908387856055
val_loss: 0.2428183693576742
