test_prcauc: 0.43269336213137854
test_rocauc: 0.7377263901124846
test_loss: 0.2119990721089165
train_prcauc: 0.5894006437160725
train_rocauc: 0.8955414612478003
train_loss: 0.1688643312274849
val_prcauc: 0.39882587074227743
val_rocauc: 0.7192190805534822
val_loss: 0.2165301999749815