mae: 0.8355233443400502
rmse: 1.0645852721708073 