test_mae: 0.5713824772983789
test_rmse: 0.7311347872772166
test_loss: 0.5211827889566734
train_mae: 0.3312750991556262
train_rmse: 0.43158720923015303
train_loss: 0.2299196571111679
val_mae: 0.5650950731216442
val_rmse: 0.7435809281025927
val_loss: 0.5376295144338603