test_mae: 0.5915169715881348
test_rmse: 0.9828035831451416
test_loss: 0.5620867371559143
train_mae: 0.20269335806369781
train_rmse: 0.42838993668556213
train_loss: 0.20368135433930618
val_mae: 0.592085599899292
val_rmse: 1.0064855813980103
val_loss: 0.6786095440387726
