test_mae: 0.6732433161462347
test_rmse: 0.8458152641873592
test_loss: 0.7120650655670779
train_mae: 0.3387894540088961
train_rmse: 0.4219053988611845
train_loss: 0.20990571805409022
val_mae: 0.6752585785012869
val_rmse: 0.8640906452779135
val_loss: 0.7357890319436218