mae: 0.6368228181302549
rmse: 0.8081494291712958 