prcauc: 0.19933311271994447
rocauc: 0.7364858340253772 