test_prcauc: 0.6785863380183659
test_rocauc: 0.7884055953170916
test_loss: 0.2951913267374039
train_prcauc: 0.9945744593937637
train_rocauc: 0.9988708622837836
train_loss: 0.023043146132840774
val_prcauc: 0.801825866620139
val_rocauc: 0.953442393144308
val_loss: 0.17855651453137397
