test_mae: 1.7665201412364837
test_rmse: 2.2435185749819904
test_loss: 5.03337559628922
train_mae: 0.5404078381230234
train_rmse: 0.7387323164863125
train_loss: 1.5052499175071716
val_mae: 1.030766675707541
val_rmse: 1.4095827978752276
val_loss: 1.9869236640657546