test_prcauc: 0.7187014258720007
test_rocauc: 0.7264823508954964
test_loss: 1.1128545974691708
train_prcauc: 0.6082295507500846
train_rocauc: 0.7423744292237442
train_loss: 0.5932513271890035
val_prcauc: 0.9454961456916129
val_rocauc: 0.7205128205128205
val_loss: 0.973537544409434
