test_mae: 0.5085508491174568
test_rmse: 0.68099972913203
test_loss: 0.4793915271839937
train_mae: 0.3618606071444292
train_rmse: 0.4624104886999731
train_loss: 0.28058793644110364
val_mae: 0.4992451486923392
val_rmse: 0.6860084325775888
val_loss: 0.48609357601590863