prcauc: 0.3827379369690322
rocauc: 0.7766851451871156
