test_mae: 0.8237847045116721
test_rmse: 1.1097354135240443
test_loss: 1.2315126880293819
train_mae: 0.29747389457499673
train_rmse: 0.42074938663409406
train_loss: 0.26557862013578415
val_mae: 0.8012434214469607
val_rmse: 0.9610400190195214
val_loss: 0.923597918157042