test_mae: 0.6888616653212478
test_rmse: 0.8522726994767211
test_loss: 0.7203477621936587
train_mae: 0.35138096330824886
train_rmse: 0.44157789355515153
train_loss: 0.3157385630267007
val_mae: 0.7279059626119476
val_rmse: 0.9119420408168257
val_loss: 0.8307180927470733