test_mae: 0.8031483292579651
test_rmse: 1.0197538137435913
test_loss: 0.789168007671833
train_mae: 0.19550660252571106
train_rmse: 0.28150174021720886
train_loss: 0.19572921809942825
val_mae: 0.7310248017311096
val_rmse: 0.9399160146713257
val_loss: 0.7183825448155403
