test_mae: 0.7990632057189941
test_rmse: 1.0462080240249634
test_loss: 0.7965690717101097
train_mae: 0.198543980717659
train_rmse: 0.28056395053863525
train_loss: 0.19987323297106702
val_mae: 0.7430812120437622
val_rmse: 0.9544157981872559
val_loss: 0.7390217557549477
