mae: 1.1134682893753052
rmse: 3.2548770904541016
