test_mae: 1.0524054761112265
test_rmse: 1.3294253661644557
test_loss: 1.767371804201497
train_mae: 0.42538010219510203
train_rmse: 0.5499588502097696
train_loss: 0.4906368553638458
val_mae: 0.9976794303159798
val_rmse: 1.201916354540487
val_loss: 1.4446029233118938