test_prcauc: 0.6588345065169429
test_rocauc: 0.7952448394037372
test_loss: 0.23419713526964187
train_prcauc: 0.9619528305094316
train_rocauc: 0.994270449781496
train_loss: 0.06332756988704205
val_prcauc: 0.6878785658264247
val_rocauc: 0.8899835941443714
val_loss: 0.1532330121845007
