test_mae: 0.7590541839599609
test_rmse: 0.9787558913230896
test_loss: 0.7522582560777664
train_mae: 0.4221024215221405
train_rmse: 0.6037920117378235
train_loss: 0.4190443033172238
val_mae: 0.742199182510376
val_rmse: 0.9645206928253174
val_loss: 0.7359156906604767
