test_prcauc: 0.1167971298797212
test_rocauc: 0.7316665380121937
test_loss: 0.018223104641765218
train_prcauc: 0.7736235450002953
train_rocauc: 0.9976852542939547
train_loss: 0.0056273039421528
val_prcauc: 0.07043262896248959
val_rocauc: 0.8598612337618171
val_loss: 0.0132182184149448