test_prcauc: 0.06032355860780054
test_rocauc: 0.7340825907905181
test_loss: 0.014858235787142413
train_prcauc: 0.16514206480778218
train_rocauc: 0.9080918826599482
train_loss: 0.011205422017999853
val_prcauc: 0.1867734475619116
val_rocauc: 0.8133800588015905
val_loss: 0.012450824622067033