prcauc: 0.6914953075854491
rocauc: 0.810964706495673 