test_mae: 0.7633972072324803
test_rmse: 1.0308824196204358
test_loss: 1.0627185630824842
train_mae: 0.5825203641995754
train_rmse: 0.7719243509436772
train_loss: 1.0197433829307556
val_mae: 0.7780956623240523
val_rmse: 1.1631532248105243
val_loss: 1.3529254243871216