test_prcauc: 0.14319774156137208
test_rocauc: 0.676737673574229
test_loss: 0.13699872378070932
train_prcauc: 0.38846112525494164
train_rocauc: 0.8654826732521008
train_loss: 0.11846022511626116
val_prcauc: 0.19532398029739384
val_rocauc: 0.7831606407995296
val_loss: 0.6544726677711351
