test_prcauc: 0.6251776880052646
test_rocauc: 0.5775166790257802
test_loss: 0.6979307532310486
train_prcauc: 0.9077459489366506
train_rocauc: 0.9397273010418773
train_loss: 0.30834551113058517
val_prcauc: 0.6719859843152732
val_rocauc: 0.6431852331678928
val_loss: 0.6048527359962463