test_mae: 0.49713799314972545
test_rmse: 0.6574580397462173
test_loss: 0.44791411086566923
train_mae: 0.3272143342154958
train_rmse: 0.4190234294816938
train_loss: 0.24327458143234254
val_mae: 0.46533787457538495
val_rmse: 0.6365546504159215
val_loss: 0.40696511771589605