test_prcauc: 0.2823553127332744
test_rocauc: 0.7251955083772846
test_loss: 0.3062831918806549
train_prcauc: 0.6079817577677273
train_rocauc: 0.9148107893769178
train_loss: 0.13875583683425058
val_prcauc: 0.3282230374810509
val_rocauc: 0.7554566716665806
val_loss: 0.3144063066734238