test_prcauc: 0.6236410714362696
test_rocauc: 0.5968179071280159
test_loss: 0.5362633466720581
train_prcauc: 0.8218045013547283
train_rocauc: 0.8686644202862802
train_loss: 0.39597931666145747
val_prcauc: 0.6641816657038886
val_rocauc: 0.6193710807887703
val_loss: 0.5048375725746155