test_prcauc: 0.3526987253485787
test_rocauc: 0.7387538550566907
test_loss: 0.24904579195970736
train_prcauc: 0.6259912403646234
train_rocauc: 0.9144920851708301
train_loss: 0.15746238381523206
val_prcauc: 0.34106519360649806
val_rocauc: 0.7803698261968286
val_loss: 0.28387205674943183