test_mae: 1.845482587814331
test_rmse: 2.396547555923462
test_loss: 1.6299657026926677
train_mae: 0.5310128927230835
train_rmse: 0.7454732060432434
train_loss: 0.5131945552097427
val_mae: 1.9763163328170776
val_rmse: 3.29270076751709
val_loss: 1.7798787355422974
