test_prcauc: 0.8691005840117518
test_rocauc: 0.7965691324953638
test_loss: 0.6623123735189438
train_prcauc: 0.9404061074617804
train_rocauc: 0.9491363791174039
train_loss: 0.3039730566163217
val_prcauc: 0.4707254378180983
val_rocauc: 0.8262164846077457
val_loss: 0.41421949016776954
