test_mae: 0.9414241326630644
test_rmse: 1.1860680977161133
test_loss: 1.4067575324199195
train_mae: 0.2700774609326126
train_rmse: 0.3614026506937023
train_loss: 0.2403116263449192
val_mae: 0.8346021393780161
val_rmse: 1.0233056836676384
val_loss: 1.0471545222264926