mae: 0.9072554861876817
rmse: 1.1456551784147369 