mae: 0.813500716078598
rmse: 1.089284709389131 