prcauc: 0.35352420922227806
rocauc: 0.735568673132672 