test_prcauc: 0.025809403251332918
test_rocauc: 0.6287141112218673
test_loss: 0.06933548589519531
train_prcauc: 0.5389808486608139
train_rocauc: 0.9975753537828849
train_loss: 0.03137571340626042
val_prcauc: 0.11605643429886466
val_rocauc: 0.7274885919630767
val_loss: 0.028569217800337623
