test_mae: 0.4962112009525299
test_rmse: 0.6535847783088684
test_loss: 0.4854053556919098
train_mae: 0.3708898425102234
train_rmse: 0.8574787378311157
train_loss: 0.370726791412934
val_mae: 0.48672181367874146
val_rmse: 0.6812213063240051
val_loss: 0.48828505724668503
