test_mae: 0.6429612636566162
test_rmse: 5.778327465057373
test_loss: 0.6429612636566162
train_mae: 0.15299227833747864
train_rmse: 0.21868175268173218
train_loss: 0.15299229080579718
val_mae: 0.4030209183692932
val_rmse: 0.5626217722892761
val_loss: 0.40302090701602755
