test_mae: 0.5463421940803528
test_rmse: 1.4960438013076782
test_loss: 0.5264001215497652
train_mae: 0.25416260957717896
train_rmse: 0.379435658454895
train_loss: 0.2527994209969485
val_mae: 0.48247230052948
val_rmse: 0.6892254948616028
val_loss: 0.4836546878019969
