test_mae: 0.4069530665874481
test_rmse: 0.5775986313819885
test_loss: 0.398460512359937
train_mae: 0.27217897772789
train_rmse: 0.40627428889274597
train_loss: 0.2712963974034345
val_mae: 0.48051485419273376
val_rmse: 0.6903882622718811
val_loss: 0.4833674331506093
