test_mae: 0.6134734683909587
test_rmse: 0.79259413929785
test_loss: 0.6173077152214634
train_mae: 0.3102928167238004
train_rmse: 0.39781361480137944
train_loss: 0.20589784681797027
val_mae: 0.5937229183461694
val_rmse: 0.7662017497154617
val_loss: 0.571428481217684