test_prcauc: 0.3756441862560581
test_rocauc: 0.7096789802298621
test_loss: 0.2347697171283348
train_prcauc: 0.6530849975548092
train_rocauc: 0.9228647607979238
train_loss: 0.155836339594933
val_prcauc: 0.37767390635468223
val_rocauc: 0.7176187358544743
val_loss: 0.22655458328658