prcauc: 0.378719577376509
rocauc: 0.7114382920361364 