test_prcauc: 0.3422662917384463
test_rocauc: 0.7422041562658693
test_loss: 0.27896048459741807
train_prcauc: 0.6194066307706864
train_rocauc: 0.9127172374469498
train_loss: 0.13936239327682834
val_prcauc: 0.3915727539885556
val_rocauc: 0.8004428345830753
val_loss: 0.25392768614821964
