test_mae: 1.1319639682769775
test_rmse: 1.491811990737915
test_loss: 1.1174859255552292
train_mae: 1.0142641067504883
train_rmse: 1.328658103942871
train_loss: 1.0266291037682564
val_mae: 1.0815157890319824
val_rmse: 1.5088058710098267
val_loss: 1.0785274058580399
