test_mae: 0.42130333185195923
test_rmse: 0.5872161388397217
test_loss: 0.41460296511650085
train_mae: 0.17367886006832123
train_rmse: 0.25701087713241577
train_loss: 0.17369877188294022
val_mae: 0.4530293345451355
val_rmse: 0.6712470054626465
val_loss: 0.453922043244044
