test_mae: 0.6304707500017606
test_rmse: 0.9875777674356152
test_loss: 0.9753098467331139
train_mae: 0.39162211725244084
train_rmse: 0.5122734555092437
train_loss: 0.5994496941566467
val_mae: 0.7502027213336929
val_rmse: 1.1862251092152785
val_loss: 1.4071300097327992