mae: 0.6279545134030856
rmse: 0.9891745499794041 