test_prcauc: 0.6189097033429503
test_rocauc: 0.6085981015211582
test_loss: 0.5562368631362915
train_prcauc: 0.7562687259100728
train_rocauc: 0.7986208653859274
train_loss: 0.4327554652036206
val_prcauc: 0.6947921526780673
val_rocauc: 0.6599605205058496
val_loss: 0.4923357665538788