prcauc: 0.6302845477681814
rocauc: 0.623927020484185 