test_prcauc: 0.3058118202179345
test_rocauc: 0.7468698246115015
test_loss: 0.2849651652353781
train_prcauc: 0.5392719685621418
train_rocauc: 0.892993375061644
train_loss: 0.15839334336693206
val_prcauc: 0.355016348109112
val_rocauc: 0.7918976301204986
val_loss: 0.2623683578438229
