test_mae: 0.5587072968482971
test_rmse: 0.9847090840339661
test_loss: 0.5205706804990768
train_mae: 0.2974463701248169
train_rmse: 0.5224496722221375
train_loss: 0.2976190557082494
val_mae: 0.6452864408493042
val_rmse: 0.9070528745651245
val_loss: 0.6818534880876541
