test_mae: 2.0003910064697266
test_rmse: 2.519631862640381
test_loss: 2.2107921838760376
train_mae: 0.43709874153137207
train_rmse: 0.8507589101791382
train_loss: 0.4295105387767156
val_mae: 2.398909091949463
val_rmse: 3.2159390449523926
val_loss: 2.1780527432759604
