test_mae: 0.5270420908927917
test_rmse: 0.6931422352790833
test_loss: 0.5050308008988699
train_mae: 0.44915053248405457
train_rmse: 0.766308605670929
train_loss: 0.4464511126279831
val_mae: 0.661768913269043
val_rmse: 0.9779108166694641
val_loss: 0.6585235198338827
