test_prcauc: 0.6079247370658486
test_rocauc: 0.5984499596026732
test_loss: 0.6191796660423279
train_prcauc: 0.8197863757706685
train_rocauc: 0.867498950362406
train_loss: 0.39134326022859106
val_prcauc: 0.6856242718943746
val_rocauc: 0.6192160208329623
val_loss: 0.5524788498878479