test_prcauc: 0.6645646005799378
test_rocauc: 0.8233508845097836
test_OGBNanLabelloss: 0.24892037659883498
train_prcauc: 0.8611876663051161
train_rocauc: 0.977441584054295
train_OGBNanLabelloss: 0.19435377516783775
val_prcauc: 0.9880952380952379
val_rocauc: 0.9994131455399061
val_OGBNanLabelloss: 0.055891372030600905
