prcauc: 0.8090106386145787
rocauc: 0.821944009737437
