test_prcauc: 0.24354574690701122
test_rocauc: 0.7675549103724355
test_loss: 0.20899472695333482
train_prcauc: 0.9796914738229252
train_rocauc: 0.9993766538304326
train_loss: 0.014244782622219804
val_prcauc: 0.2649556232986785
val_rocauc: 0.7498871110619935
val_loss: 0.2630898102496444
