test_prcauc: 0.34921146147795956
test_rocauc: 0.6467257819181246
test_loss: 0.3695095479488373
train_prcauc: 0.6527357411499294
train_rocauc: 0.9118468618905686
train_loss: 0.11792583408964774
val_prcauc: 0.40423551461224966
val_rocauc: 0.7049623505558441
val_loss: 0.3622966018216363
