test_prcauc: 0.3299797664526546
test_rocauc: 0.6274919930306178
test_loss: 0.37329163275179644
train_prcauc: 0.6755326297894194
train_rocauc: 0.9314934662298272
train_loss: 0.1434682136696535
val_prcauc: 0.36942007481125083
val_rocauc: 0.6707660990138234
val_loss: 0.291782122185151