test_prcauc: 0.8618110027440196
test_rocauc: 0.8668528051653434
test_loss: 0.5875685811042786
train_prcauc: 0.9999492317510302
train_rocauc: 0.9999559841934348
train_loss: 0.04506260481092238
val_prcauc: 0.8154876520512764
val_rocauc: 0.8997847726661286
val_loss: 0.4708857329731638
