test_mae: 0.5580183863639832
test_rmse: 0.7468363046646118
test_loss: 0.5580183586903981
train_mae: 0.33201712369918823
train_rmse: 0.46544596552848816
train_loss: 0.33201712228003
val_mae: 0.5693373680114746
val_rmse: 0.7477467656135559
val_loss: 0.5693373520459447
