test_prcauc: 0.9049698723841937
test_rocauc: 0.8253882267966774
test_loss: 0.8748915195465088
train_prcauc: 0.9601013377625152
train_rocauc: 0.967972797927461
train_loss: 0.31877899903579354
val_prcauc: 0.4870672091934467
val_rocauc: 0.7652219873150106
val_loss: 0.6837185025215149