prcauc: 0.3353138982301769
rocauc: 0.6395298006556375 