test_prcauc: 0.36774321645949054
test_rocauc: 0.6636826903065524
test_loss: 0.2996589685308522
train_prcauc: 0.5592736691965643
train_rocauc: 0.8713758240068085
train_loss: 0.14379713889292756
val_prcauc: 0.42224275080056356
val_rocauc: 0.7078437450417185
val_loss: 0.24554081672224506
