test_mae: 0.764103353023529
test_rmse: 0.9809334874153137
test_loss: 0.7600014954805374
train_mae: 0.2128671258687973
train_rmse: 0.29064199328422546
train_loss: 0.21501316418570857
val_mae: 0.6744828820228577
val_rmse: 0.9656445980072021
val_loss: 0.667481929063797
