test_prcauc: 0.3874866096132136
test_rocauc: 0.7201512728090481
test_loss: 0.21682775655895428
train_prcauc: 0.615586138669225
train_rocauc: 0.9075442487013419
train_loss: 0.16592403033894404
val_prcauc: 0.3764774861945415
val_rocauc: 0.7189424042156396
val_loss: 0.20124979444923122