test_mae: 1.4961161613464355
test_rmse: 2.1195504665374756
test_loss: 1.3651214838027954
train_mae: 0.3820197582244873
train_rmse: 0.5499528646469116
train_loss: 0.3821031630039215
val_mae: 0.8439136147499084
val_rmse: 1.0980968475341797
val_loss: 0.7708274722099304
