test_prcauc: 0.6638423064475965
test_rocauc: 0.8853598156229736
test_loss: 0.21574117243289948
train_prcauc: 0.8126651009854142
train_rocauc: 0.9404492440264556
train_loss: 0.13085233180567388
val_prcauc: 0.5888144533299091
val_rocauc: 0.7535999126683748
val_loss: 0.30518442392349243