test_mae: 0.8841755741792443
test_rmse: 1.1115966616561257
test_loss: 1.2356471382050431
train_mae: 0.46861855926974105
train_rmse: 0.6006709377964415
train_loss: 0.6213972419500351
val_mae: 0.7995151656233105
val_rmse: 0.9466286910520363
val_loss: 0.8961058787228916