test_prcauc: 0.3170391509923386
test_rocauc: 0.6257912603412497
test_loss: 0.3662044924750694
train_prcauc: 0.6227752745720937
train_rocauc: 0.9063745348695093
train_loss: 0.1524444844528515
val_prcauc: 0.35183604711342487
val_rocauc: 0.6584132610010465
val_loss: 0.28634481314583793