test_prcauc: 0.4153711437161456
test_rocauc: 0.7312059915299755
test_loss: 0.22872015674843316
train_prcauc: 0.5641862302364369
train_rocauc: 0.8837503836675907
train_loss: 0.17247054554344401
val_prcauc: 0.39149708439871883
val_rocauc: 0.7187471887159449
val_loss: 0.21913059471209184