test_prcauc: 0.6238676830098127
test_rocauc: 0.8595691041414726
test_loss: 0.19668598473072052
train_prcauc: 0.7514571597328479
train_rocauc: 0.9242795799523819
train_loss: 0.2195074392604442
val_prcauc: 0.5982493885062552
val_rocauc: 0.7433132780132865
val_loss: 0.2801732122898102