test_mae: 1.3714696778059003
test_rmse: 1.92270715007559
test_loss: 3.696802784951797
train_mae: 0.4645012120939208
train_rmse: 0.6324066502039618
train_loss: 0.6482253968715668
val_mae: 0.9180658070194093
val_rmse: 1.2175876767022158
val_loss: 1.4825197504570997