mae: 1.3563818930983542
rmse: 1.9102377959763908 