test_mae: 0.9049173734151158
test_rmse: 1.224438247413773
test_loss: 1.4992490217297119
train_mae: 0.4030683284153817
train_rmse: 0.5263832505089904
train_loss: 0.2903964929282665
val_mae: 0.9552512300003948
val_rmse: 1.1570932979532225
val_loss: 1.338864900168265