test_prcauc: 0.5999177069721725
test_rocauc: 0.5918344239041846
test_loss: 0.7102875709533691
train_prcauc: 0.8733655857510597
train_rocauc: 0.9124006920191277
train_loss: 0.3500956218899952
val_prcauc: 0.6903890166705602
val_rocauc: 0.6512981257285181
val_loss: 0.5546624064445496