prcauc: 0.624562135196467
rocauc: 0.5775078522033223 