test_mae: 0.45259910821914673
test_rmse: 0.6141299605369568
test_loss: 0.4466116800904274
train_mae: 0.4743364155292511
train_rmse: 0.6689390540122986
train_loss: 0.5019306252079625
val_mae: 0.48174723982810974
val_rmse: 0.6334151029586792
val_loss: 0.48229314386844635
