test_prcauc: 0.6574672384162854
test_rocauc: 0.6353202160493827
test_loss: 1.8766003847122192
train_prcauc: 0.9993630989549557
train_rocauc: 0.9968074959322224
train_loss: 0.14533557876134592
val_prcauc: 0.8438932411926724
val_rocauc: 0.8972197129378701
val_loss: 0.8705586194992065