test_prcauc: 0.8994774557654752
test_rocauc: 0.8519321054532323
test_loss: 0.4737087795510888
train_prcauc: 0.9432031437994451
train_rocauc: 0.9618091537132987
train_loss: 0.39711162116792464
val_prcauc: 0.5351408335504259
val_rocauc: 0.8159619450317125
val_loss: 1.0408571045845747
