test_prcauc: 0.3506925277437373
test_rocauc: 0.6471801914689406
test_loss: 0.3649178388817557
train_prcauc: 0.5588168035233229
train_rocauc: 0.873392204388001
train_loss: 0.14193054099921057
val_prcauc: 0.3610965517778039
val_rocauc: 0.6691355918635625
val_loss: 0.3173657974292492
