test_prcauc: 0.6158734957209426
test_rocauc: 0.5968722850056613
test_loss: 0.7633927464485168
train_prcauc: 0.927339958239684
train_rocauc: 0.9521452351576237
train_loss: 0.2944041951804251
val_prcauc: 0.6803375459486392
val_rocauc: 0.6447014460114994
val_loss: 0.6214405298233032