test_mae: 0.7187689921188921
test_rmse: 0.8981946651781294
test_loss: 0.7994622289167042
train_mae: 0.44098895809892563
train_rmse: 0.5542597646242702
train_loss: 0.4639902732201985
val_mae: 0.7539389264051403
val_rmse: 0.9605995106249724
val_loss: 0.9130131791699102