test_prcauc: 0.5703525891393548
test_rocauc: 0.6577989782087375
test_loss: 0.23233903348445892
train_prcauc: 0.9785636015714334
train_rocauc: 0.9946744319156862
train_loss: 0.09585135444067419
val_prcauc: 0.7456910493958886
val_rocauc: 0.9344692865819626
val_loss: 0.10552145577967167
