test_prcauc: 0.2410772686214357
test_rocauc: 0.7309662218273818
test_loss: 0.12830691784620285
train_prcauc: 0.40450498944687224
train_rocauc: 0.8579270696937027
train_loss: 0.12378352222976914
val_prcauc: 0.3658006307125368
val_rocauc: 0.8249283509700178
val_loss: 0.07733513513470397