test_prcauc: 0.6162484999542671
test_rocauc: 0.6206597222222222
test_loss: 2.2731393618243083
train_prcauc: 1.0
train_rocauc: 1.0
train_loss: 0.00042106141706674613
val_prcauc: 0.9175467525891797
val_rocauc: 0.9575823956984965
val_loss: 0.5173596484486812
