test_prcauc: 0.6313520844226773
test_rocauc: 0.5977733525657749
test_loss: 0.6001721382141113
train_prcauc: 0.8139231471911111
train_rocauc: 0.8594031674753557
train_loss: 0.37032296342982185
val_prcauc: 0.6591762100514568
val_rocauc: 0.6176304727075664
val_loss: 0.5359585702419281
