test_prcauc: 0.6224850919612822
test_rocauc: 0.5918028027588232
test_loss: 0.569152569770813
train_prcauc: 0.8083499856042679
train_rocauc: 0.8546582053537347
train_loss: 0.36758090886804795
val_prcauc: 0.6801489955395226
val_rocauc: 0.6539313957800325
val_loss: 0.49634101390838625
