test_prcauc: 0.6692049886990112
test_rocauc: 0.7584677419354839
test_loss: 1.1732959747314453
train_prcauc: 0.9723243408006589
train_rocauc: 0.9021966251400697
train_loss: 0.3351179600730116
val_prcauc: 0.9918291282449077
val_rocauc: 0.938061938061938
val_loss: 0.3665342926979065