test_mae: 0.5611443290851619
test_rmse: 0.7609859044456307
test_loss: 0.5790995467649347
train_mae: 0.4249922222021417
train_rmse: 0.5677113652943966
train_loss: 0.4397280067205429
val_mae: 0.5739400206351919
val_rmse: 0.7614990656031833
val_loss: 0.5798808269145213