prcauc: 0.5188481553048798
rocauc: 0.5604572863448372 