test_prcauc: 0.3315081503089818
test_rocauc: 0.6337815660611421
test_loss: 0.3692214711232067
train_prcauc: 0.6997303332346234
train_rocauc: 0.9409127706454832
train_loss: 0.13787579772680958
val_prcauc: 0.3777706512698097
val_rocauc: 0.6784491295753298
val_loss: 0.30183067407278896