test_prcauc: 0.10690462315176366
test_rocauc: 0.7615795106160237
test_loss: 0.015006726772530324
train_prcauc: 0.19402908165918054
train_rocauc: 0.936483217824378
train_loss: 0.01025744142043747
val_prcauc: 0.03899254840811068
val_rocauc: 0.7880388349919296
val_loss: 0.016072014797849164