test_prcauc: 0.6125690132281888
test_rocauc: 0.8011408264692593
test_loss: 1.0288349568843842
train_prcauc: 0.99552217480375
train_rocauc: 0.9990370348279947
train_loss: 0.030786290927790106
val_prcauc: 0.8335833160267152
val_rocauc: 0.9767121376276306
val_loss: 0.1296955280471593
