test_prcauc: 0.6388316557437322
test_rocauc: 0.8034357522040003
test_OGBNanLabelloss: 0.2169117107987404
train_prcauc: 0.9008625500950185
train_rocauc: 0.9690735675942685
train_OGBNanLabelloss: 0.10028508324176073
val_prcauc: 0.8575193347035923
val_rocauc: 0.9717593572201063
val_OGBNanLabelloss: 0.13215052857995033
