prcauc: 0.6822973787054896
rocauc: 0.8773835197649067
