test_prcauc: 0.36285003688466366
test_rocauc: 0.7465075260568956
test_loss: 0.25351602915493926
train_prcauc: 0.659802449941729
train_rocauc: 0.9274200959484782
train_loss: 0.14851144774404174
val_prcauc: 0.3630998719344907
val_rocauc: 0.7815833399156252
val_loss: 0.2690447305749522