test_prcauc: 0.1178374744549639
test_rocauc: 0.750639533396434
test_loss: 0.12903089731931686
train_prcauc: 0.7235217742375637
train_rocauc: 0.966963768576117
train_loss: 0.08392372650258334
val_prcauc: 0.2783169525656293
val_rocauc: 0.7275561659418329
val_loss: 0.1380466940253973