test_prcauc: 0.5314049637943304
test_rocauc: 0.6648690271024393
test_loss: 0.3128731846809387
train_prcauc: 0.809752561374397
train_rocauc: 0.9473806984435978
train_loss: 0.1742031965127345
val_prcauc: 0.6201550637812161
val_rocauc: 0.792925902244956
val_loss: 0.2672118544578552