test_prcauc: 0.3743314855198001
test_rocauc: 0.7137397787058977
test_loss: 0.21703178190348968
train_prcauc: 0.5330389214311578
train_rocauc: 0.8679349194079697
train_loss: 0.1810028462675878
val_prcauc: 0.37378605338956794
val_rocauc: 0.7198971632357155
val_loss: 0.21170926815928096