prcauc: 0.374722895128562
rocauc: 0.7149514595890439 