test_mae: 0.7119771948279369
test_rmse: 0.8819065741169101
test_loss: 0.7591086686035138
train_mae: 0.2539879278270084
train_rmse: 0.3256152319535369
train_loss: 0.199689687362739
val_mae: 0.744464319094306
val_rmse: 0.9454159443404548
val_loss: 0.890480971831527