test_prcauc: 0.6444217879588359
test_rocauc: 0.6172900915398236
test_loss: 0.5293318033218384
train_prcauc: 0.8154314410495621
train_rocauc: 0.8658239584830331
train_loss: 0.3903786513472264
val_prcauc: 0.6771768453392747
val_rocauc: 0.6405197067257121
val_loss: 0.514273464679718