mae: 1.0522313488684925
rmse: 1.2795879987099632 