mae: 1.7974743843078613
rmse: 2.4296860694885254
