test_prcauc: 0.5606937368457441
test_rocauc: 0.7478160949501269
test_loss: 0.2740285098552704
train_prcauc: 0.8384652707647051
train_rocauc: 0.9605114563844348
train_loss: 0.16260158094640403
val_prcauc: 0.6540639645783018
val_rocauc: 0.8889794477822647
val_loss: 0.16827638447284698