test_prcauc: 0.4395021929070559
test_rocauc: 0.8281877734823073
test_loss: 0.20265154165537091
train_prcauc: 0.6044338901944822
train_rocauc: 0.9042053165130964
train_loss: 0.16718015266247638
val_prcauc: 0.4336184213568756
val_rocauc: 0.838767637501082
val_loss: 0.199109961619867