test_mae: 0.7265298366546631
test_rmse: 0.9441889524459839
test_loss: 0.7265297983373914
train_mae: 0.3789551258087158
train_rmse: 1.5586241483688354
train_loss: 0.3789551379159093
val_mae: 0.7449309229850769
val_rmse: 0.9355565905570984
val_loss: 0.7449309187276023
