test_prcauc: 0.6277308080667635
test_rocauc: 0.593106243688225
test_loss: 0.6403818130493164
train_prcauc: 0.8528258000274053
train_rocauc: 0.8937226687300784
train_loss: 0.36637024059121537
val_prcauc: 0.6573887121043347
val_rocauc: 0.5917473050075085
val_loss: 0.5799489617347717