test_prcauc: 0.09411079456400823
test_rocauc: 0.699861445771246
test_loss: 0.05736764104923808
train_prcauc: 0.1256616707341675
train_rocauc: 0.9036395920543898
train_loss: 0.018226932080745196
val_prcauc: 0.1568642708271685
val_rocauc: 0.7748664489097353
val_loss: 0.013772844111769973
