test_mae: 0.8126413226127625
test_rmse: 1.057642936706543
test_loss: 0.8336099982261658
train_mae: 0.2840489149093628
train_rmse: 0.39416491985321045
train_loss: 0.2802112179773825
val_mae: 0.6761714220046997
val_rmse: 0.864477813243866
val_loss: 0.6572003215551376
