test_prcauc: 0.8148192334458557
test_rocauc: 0.8697478991596639
test_loss: 0.6390162110328674
train_prcauc: 0.9848915463167013
train_rocauc: 0.9870018045038438
train_loss: 0.23819368433856553
val_prcauc: 0.7892405199815231
val_rocauc: 0.8675244653860094
val_loss: 0.6316746473312378