test_prcauc: 0.15773478094621046
test_rocauc: 0.7211765387512312
test_loss: 0.1913488420712597
train_prcauc: 0.9566848695887253
train_rocauc: 0.996709316292347
train_loss: 0.049268401666525
val_prcauc: 0.3657634613408245
val_rocauc: 0.8402532823829121
val_loss: 0.1223995821440921