test_prcauc: 0.43596289769415686
test_rocauc: 0.8279693203117292
test_loss: 0.11372017458081246
train_prcauc: 0.5238812463363707
train_rocauc: 0.8991421768448932
train_loss: 0.10022470249692045
val_prcauc: 0.4350715957616722
val_rocauc: 0.811314970558634
val_loss: 0.12691209584474564