prcauc: 0.5169224013281565
rocauc: 0.56355393945713 