prcauc: 0.3601459734974395
rocauc: 0.7451887753162016 