test_prcauc: 0.3477195031343032
test_rocauc: 0.7419989840922202
test_loss: 0.2560869385881423
train_prcauc: 0.5956300690692736
train_rocauc: 0.9122231861003532
train_loss: 0.15845182612965386
val_prcauc: 0.3767066380837744
val_rocauc: 0.7854515809277012
val_loss: 0.2799465633713888