test_prcauc: 0.32445353410332706
test_rocauc: 0.7389373374474935
test_loss: 0.3075276156887412
train_prcauc: 0.6514615766125029
train_rocauc: 0.9293795698369302
train_loss: 0.13249178906607498
val_prcauc: 0.34110775766209583
val_rocauc: 0.7817962669563284
val_loss: 0.2810933066532016
