prcauc: 0.2807360535551924
rocauc: 0.7523376122367497
