test_prcauc: 0.8119031135241378
test_rocauc: 0.8779917361814922
test_loss: 0.46098801493644714
train_prcauc: 0.9259477035683075
train_rocauc: 0.9411760479902295
train_loss: 0.37737294699010715
val_prcauc: 0.8025781905649354
val_rocauc: 0.8258953168044076
val_loss: 0.6112323999404907