test_mae: 1.2257099151611328
test_rmse: 1.6147334575653076
test_loss: 1.2106724083423615
train_mae: 0.9478120803833008
train_rmse: 1.2311092615127563
train_loss: 0.9560649279625185
val_mae: 1.2110806703567505
val_rmse: 1.7263455390930176
val_loss: 1.2119687646627426
