test_mae: 0.8667794792536087
test_rmse: 1.0777314800459954
test_loss: 1.1615051430821315
train_mae: 0.42502413240753184
train_rmse: 0.5467748909172814
train_loss: 0.6349428296089172
val_mae: 0.8313336515658725
val_rmse: 0.9955709761784884
val_loss: 0.9911615686089882