test_prcauc: 0.6388769275086554
test_rocauc: 0.7948054317944828
test_loss: 0.30063216388225555
train_prcauc: 0.9418014422882789
train_rocauc: 0.9868319166033666
train_loss: 0.11520294577826606
val_prcauc: 0.5745871657549085
val_rocauc: 0.7500304485602465
val_loss: 0.29719825088977814