test_mae: 0.49354733894315983
test_rmse: 0.6456192635995824
test_loss: 0.4247369499205937
train_mae: 0.31041486984917094
train_rmse: 0.39551465320549
train_loss: 0.20539959271748862
val_mae: 0.4756286879018659
val_rmse: 0.6663074456835326
val_loss: 0.46841657699395106