prcauc: 0.8307306823293992
rocauc: 0.8855136084284461
