test_prcauc: 0.8428803967331592
test_rocauc: 0.8674275680421423
test_loss: 0.44054477910200757
train_prcauc: 0.9748982266062661
train_rocauc: 0.9796647582258399
train_loss: 0.18771988680449928
val_prcauc: 0.9277093967695365
val_rocauc: 0.9323136427566807
val_loss: 0.2919839682678382
