test_prcauc: 0.30477859038613736
test_rocauc: 0.7132129078648625
test_loss: 0.2503469610612404
train_prcauc: 0.4418248739449808
train_rocauc: 0.8604229599490488
train_loss: 0.1851761181033912
val_prcauc: 0.3147005800490303
val_rocauc: 0.7597899017312563
val_loss: 0.2920208932056202