test_prcauc: 0.15996758650675455
test_rocauc: 0.7152204561694897
test_loss: 0.21451165570932276
train_prcauc: 0.978780557414838
train_rocauc: 0.9986705525047437
train_loss: 0.04102937705542991
val_prcauc: 0.2282972918641006
val_rocauc: 0.819037208504801
val_loss: 0.1323530386914225