test_prcauc: 0.4433057412571621
test_rocauc: 0.8135855442520487
test_loss: 0.23887004699368325
train_prcauc: 0.8420969777029109
train_rocauc: 0.9734195449100197
train_loss: 0.12043616825151432
val_prcauc: 0.4459423889070973
val_rocauc: 0.840379841165797
val_loss: 0.21839726923303995