test_prcauc: 0.7434578791978754
test_rocauc: 0.771170231264128
test_loss: 1.6167409420013428
train_prcauc: 0.9999653667394096
train_rocauc: 0.9999771689497717
train_loss: 0.06120701831917823
val_prcauc: 0.9613518279674446
val_rocauc: 0.77985347985348
val_loss: 2.0050413608551025