test_mae: 1.081776783993814
test_rmse: 1.5152778803141287
test_loss: 2.296067054569279
train_mae: 0.2492858062253372
train_rmse: 0.35050236040487853
train_loss: 0.3058160146077474
val_mae: 0.9861679773378372
val_rmse: 1.236276299594818
val_loss: 1.5283790889398563