mae: 1.07668431435143
rmse: 1.511145786597146 