test_prcauc: 0.9702596159249943
test_rocauc: 0.923469387755102
test_loss: 0.3327673077583313
train_prcauc: 0.9961693872014344
train_rocauc: 0.9878761154855643
train_loss: 0.17760338615426582
val_prcauc: 0.9784077423465856
val_rocauc: 0.9338722501987808
val_loss: 0.3213529586791992