test_prcauc: 0.5025498490617321
test_rocauc: 0.8594751051566983
test_loss: 0.10221978364621892
train_prcauc: 0.5067490331626505
train_rocauc: 0.895753162262189
train_loss: 0.10554045226266444
val_prcauc: 0.398472569840576
val_rocauc: 0.8273578273578273
val_loss: 0.12296040137024487