test_prcauc: 0.6936458054420314
test_rocauc: 0.7261345852895149
test_loss: 0.911288321018219
train_prcauc: 0.9066257263252999
train_rocauc: 0.9425171232876712
train_loss: 0.33602046782416234
val_prcauc: 0.9392957590726911
val_rocauc: 0.7238095238095238
val_loss: 0.7870931625366211