prcauc: 0.8225409815870469
rocauc: 0.843679360111285
