test_prcauc: 0.6135810766698454
test_rocauc: 0.7292601027198184
test_loss: 0.24469970166683197
train_prcauc: 0.7972409672702825
train_rocauc: 0.9420009131437743
train_loss: 0.22801498648783855
val_prcauc: 0.5993003220571538
val_rocauc: 0.7359613289760348
val_loss: 0.27823877334594727