prcauc: 0.6227845257425539
rocauc: 0.7512075306210377 