test_prcauc: 0.48181439410741395
test_rocauc: 0.8474267616498717
test_loss: 0.19457454234361649
train_prcauc: 0.5956761048800616
train_rocauc: 0.9137311157679301
train_loss: 0.17039969563484192
val_prcauc: 0.4441489252762853
val_rocauc: 0.8463822177952455
val_loss: 0.19377148970961572
