test_mae: 1.9373135566711426
test_rmse: 2.6522910594940186
test_loss: 2.0422691901524863
train_mae: 0.9113966226577759
train_rmse: 1.3161280155181885
train_loss: 0.8885566724671258
val_mae: 2.501176357269287
val_rmse: 3.446415424346924
val_loss: 2.2889691988627114
