test_mae: 0.4640236794948578
test_rmse: 0.6312530636787415
test_loss: 0.4640236965247563
train_mae: 0.12647287547588348
train_rmse: 0.19778740406036377
train_loss: 0.12647288964529121
val_mae: 0.4460647404193878
val_rmse: 0.6132748126983643
val_loss: 0.4460647297757013
