test_mae: 0.826273500919342
test_rmse: 1.0709567070007324
test_loss: 0.8421253561973572
train_mae: 0.31314587593078613
train_rmse: 0.4618239104747772
train_loss: 0.3111618045303557
val_mae: 0.6643431782722473
val_rmse: 0.8844418525695801
val_loss: 0.6512436866760254
