test_prcauc: 0.17478601733844465
test_rocauc: 0.7322852894030398
test_loss: 0.13958977896939306
train_prcauc: 0.6696588250974805
train_rocauc: 0.9399316304649595
train_loss: 0.09484824804629814
val_prcauc: 0.3655756811811006
val_rocauc: 0.8251059425827943
val_loss: 0.08416553433327113