prcauc: 0.2282734239791048
rocauc: 0.7456188802410243 