test_prcauc: 0.6198248934498672
test_rocauc: 0.5934846574685203
test_loss: 0.5448068016105228
train_prcauc: 0.7329913873857017
train_rocauc: 0.7762804492490377
train_loss: 0.44884364030979296
val_prcauc: 0.6372525420524583
val_rocauc: 0.5906080686087319
val_loss: 0.5377267565992143
