mae: 0.8946563585004975
rmse: 1.111459015518477 