test_prcauc: 0.3255941130258031
test_rocauc: 0.7346579524942718
test_loss: 0.2944642625473164
train_prcauc: 0.5709276075635233
train_rocauc: 0.9094164073693901
train_loss: 0.14623041511580134
val_prcauc: 0.37858397799525595
val_rocauc: 0.8054444519911249
val_loss: 0.2646549097089856
