test_prcauc: 0.9648877543182615
test_rocauc: 0.90108759553204
test_loss: 0.3941410593688488
train_prcauc: 0.9983823280501615
train_rocauc: 0.9942864196291089
train_loss: 0.08819261474365538
val_prcauc: 0.9805348006960802
val_rocauc: 0.9465432098765432
val_loss: 0.2959835614476885
