prcauc: 0.9833250822770663
rocauc: 0.9366549088771311
