mae: 1.9565184519812464
rmse: 2.7192430037340065 