test_mae: 1.8991535930894312
test_rmse: 2.6358409037343917
test_loss: 6.947657269799334
train_mae: 0.7787261946099845
train_rmse: 0.9730749726523014
train_loss: 1.1334034204483032
val_mae: 2.371737900450826
val_rmse: 3.3772290840440324
val_loss: 11.405676286112891