prcauc: 0.12788627505946365
rocauc: 0.728061872724327 