test_prcauc: 0.20067161594798605
test_rocauc: 0.7605000724804516
test_loss: 0.10222656518220902
train_prcauc: 0.5093560309455408
train_rocauc: 0.8837724834040968
train_loss: 0.11389956695901124
val_prcauc: 0.31685077491684893
val_rocauc: 0.7416071886856579
val_loss: 0.11282673120498657