test_prcauc: 0.7438500526969319
test_rocauc: 0.7327421318031646
test_loss: 0.7772780060768127
train_prcauc: 0.826163433395132
train_rocauc: 0.9002111872146119
train_loss: 0.42838462560680934
val_prcauc: 0.9460423977914867
val_rocauc: 0.7150183150183149
val_loss: 0.7181200385093689