test_prcauc: 0.061825331185210414
test_rocauc: 0.7764193949660596
test_loss: 0.012028712032813336
train_prcauc: 0.12676170263525013
train_rocauc: 0.8864019075156634
train_loss: 0.012120667594874034
val_prcauc: 0.04457841214283094
val_rocauc: 0.7467719549656985
val_loss: 0.013870717650622895