mae: 0.49806355153392334
rmse: 0.6862814734662421 