test_mae: 0.5147902241237023
test_rmse: 0.6942828860142728
test_loss: 0.4820287258123075
train_mae: 0.37891197477288663
train_rmse: 0.4952507786278786
train_loss: 0.5019913911819458
val_mae: 0.510304280436427
val_rmse: 0.6618404890761084
val_loss: 0.4380328329805024