test_prcauc: 0.12860756051040975
test_rocauc: 0.7641765396423822
test_loss: 0.016654217119133986
train_prcauc: 0.4798695862276117
train_rocauc: 0.9800097469000488
train_loss: 0.00811124278212603
val_prcauc: 0.14960105603309043
val_rocauc: 0.8294412107239453
val_loss: 0.013871605115362345