test_mae: 2.414196537397802
test_rmse: 3.0969541377974203
test_loss: 9.591124931620566
train_mae: 0.5673237822398748
train_rmse: 0.7547115935400183
train_loss: 0.9558208286762238
val_mae: 2.654790136925876
val_rmse: 3.8154510636820778
val_loss: 14.557666819352697