prcauc: 0.7013130296587281
rocauc: 0.8703220032669516
