prcauc: 0.4476959693757737
rocauc: 0.7575685560164667
