test_prcauc: 0.4684774917939209
test_rocauc: 0.7602116440657215
test_loss: 0.21387782204767752
train_prcauc: 0.6383117191209989
train_rocauc: 0.9058540469186875
train_loss: 0.13205072213793947
val_prcauc: 0.44056248725673647
val_rocauc: 0.7537946298423116
val_loss: 0.197849086646376
