test_mae: 0.7500277757644653
test_rmse: 0.9710257053375244
test_loss: 0.7629532118638357
train_mae: 0.3229508697986603
train_rmse: 0.43427273631095886
train_loss: 0.32094845782827447
val_mae: 0.6605179309844971
val_rmse: 0.8745898604393005
val_loss: 0.6478684445222219
