test_prcauc: 0.7822303605213385
test_rocauc: 0.8473474801061008
test_loss: 0.5900542438030243
train_prcauc: 0.971203669459789
train_rocauc: 0.9762618690654672
train_loss: 0.28790327524959763
val_prcauc: 0.8315248081539298
val_rocauc: 0.8380074610489355
val_loss: 0.5742574036121368