test_prcauc: 0.6617863584118203
test_rocauc: 0.6438555225970036
test_loss: 0.4992825123998854
train_prcauc: 0.7269361987567527
train_rocauc: 0.7477091696667029
train_loss: 0.4460871120293935
val_prcauc: 0.6322184597084083
val_rocauc: 0.6391372096550967
val_loss: 0.5235240956147512
