test_prcauc: 0.29666582041822276
test_rocauc: 0.6014723965860919
test_loss: 0.3228383792450185
train_prcauc: 0.4882244524038655
train_rocauc: 0.8443632706519527
train_loss: 0.16807515492547326
val_prcauc: 0.3508613894086466
val_rocauc: 0.6615222732844335
val_loss: 0.28383519716304656