test_mae: 0.6278445720672607
test_rmse: 0.8021333813667297
test_loss: 0.627844574195998
train_mae: 0.10578339546918869
train_rmse: 0.15056926012039185
train_loss: 0.10578339044669909
val_mae: 0.5688586235046387
val_rmse: 0.7215116620063782
val_loss: 0.5688586533069611
