mae: 0.5323772430419922
rmse: 0.8316078186035156
