test_mae: 0.49174070358276367
test_rmse: 0.8182497024536133
test_loss: 0.4520809054374695
train_mae: 0.23929868638515472
train_rmse: 0.4045935273170471
train_loss: 0.239266836643219
val_mae: 0.5483794808387756
val_rmse: 0.8346824049949646
val_loss: 0.6067823097109795
