prcauc: 0.38654591078250355
rocauc: 0.7681999573297706
