test_prcauc: 0.8377226703382126
test_rocauc: 0.9075387853746004
test_loss: 0.4164947271347046
train_prcauc: 0.9476421082500054
train_rocauc: 0.9574392039943963
train_loss: 0.32133196573812656
val_prcauc: 0.8142347684556384
val_rocauc: 0.8342384887839432
val_loss: 0.5981612801551819