prcauc: 0.8330692490246959
rocauc: 0.903640757776565 