test_prcauc: 0.6442525997841863
test_rocauc: 0.8419440231301545
test_loss: 0.27590353786945343
train_prcauc: 0.9349081673730357
train_rocauc: 0.9879786609203947
train_loss: 0.11112928725031856
val_prcauc: 0.5799326692659754
val_rocauc: 0.7853047010958981
val_loss: 0.2895234674215317