mae: 1.5938578844070435
rmse: 2.539038896560669
