test_mae: 1.5028420686721802
test_rmse: 2.0656919479370117
test_loss: 1.3754227757453918
train_mae: 0.44944533705711365
train_rmse: 0.5976231098175049
train_loss: 0.4494325240453084
val_mae: 0.8204044699668884
val_rmse: 1.0355501174926758
val_loss: 0.7258312006791433
