test_mae: 1.611045241355896
test_rmse: 2.2568037509918213
test_loss: 1.4606438279151917
train_mae: 0.2455417364835739
train_rmse: 0.37931346893310547
train_loss: 0.2456498752037684
val_mae: 0.7853332161903381
val_rmse: 1.0542423725128174
val_loss: 0.7669107814629873
