test_prcauc: 0.4427585735796695
test_rocauc: 0.7526281902156069
test_loss: 0.20844602944522067
train_prcauc: 0.5644555721701803
train_rocauc: 0.875023088824108
train_loss: 0.15165636237857122
val_prcauc: 0.4253826908893631
val_rocauc: 0.7500963435174784
val_loss: 0.19575829341493803
