test_mae: 0.6859554648399353
test_rmse: 0.91983962059021
test_loss: 0.67510736733675
train_mae: 0.32774239778518677
train_rmse: 0.4358232319355011
train_loss: 0.32752867427564436
val_mae: 0.6376352310180664
val_rmse: 0.8619366884231567
val_loss: 0.6395091116428375
