mae: 1.291223351540975
rmse: 1.8023547407700493 