test_prcauc: 0.9584942140431694
test_rocauc: 0.8923485793031039
test_loss: 0.3374865651130676
train_prcauc: 0.9900402065863128
train_rocauc: 0.9690282617111886
train_loss: 0.2301077054668183
val_prcauc: 0.9563503482591296
val_rocauc: 0.9061076745292639
val_loss: 0.323246031999588