prcauc: 0.9576592145679241
rocauc: 0.8907408622613032 