test_mae: 0.510693744559037
test_rmse: 0.6633971145136008
test_loss: 0.4400957315449715
train_mae: 0.2985691984961353
train_rmse: 0.3990156848874507
train_loss: 0.28446144238114357
val_mae: 0.4339895370740976
val_rmse: 0.5711912184149287
val_loss: 0.32625940799433073