test_prcauc: 0.6366860574079594
test_rocauc: 0.5953000979557369
test_loss: 0.6042509078979492
train_prcauc: 0.8947090178437039
train_rocauc: 0.9252597594845624
train_loss: 0.3293032196356261
val_prcauc: 0.677697521392317
val_rocauc: 0.6512165210799138
val_loss: 0.556178867816925