test_prcauc: 0.21338794735609992
test_rocauc: 0.7618860928175516
test_loss: 0.16649249623365261
train_prcauc: 0.81960047445103
train_rocauc: 0.9770450526611915
train_loss: 0.07456962155787782
val_prcauc: 0.3424450017760808
val_rocauc: 0.8349408436213992
val_loss: 0.09856827951529447