test_prcauc: 0.631897061038221
test_rocauc: 0.8174401997029734
test_loss: 0.27261796593666077
train_prcauc: 0.9268187968386212
train_rocauc: 0.9872862381278156
train_loss: 0.10255170143236234
val_prcauc: 0.5847397618810555
val_rocauc: 0.7727696392845853
val_loss: 0.2782536596059799