test_prcauc: 0.6206604380143842
test_rocauc: 0.6028172581584302
test_loss: 0.5166469812393188
train_prcauc: 0.6870066513453843
train_rocauc: 0.704499892311692
train_loss: 0.5043819395469112
val_prcauc: 0.6542515599505047
val_rocauc: 0.5883035625800085
val_loss: 0.4878652095794678