prcauc: 0.6199757353654745
rocauc: 0.6016997804279685 