prcauc: 0.3625474499017551
rocauc: 0.6673616308468046
