test_prcauc: 0.692652354315798
test_rocauc: 0.6819058641975309
test_loss: 1.3580974084990365
train_prcauc: 0.9974875837780266
train_rocauc: 0.9876658172511277
train_loss: 0.1076399032365192
val_prcauc: 0.9565923547000457
val_rocauc: 0.9719207408144976
val_loss: 0.2537672274879047
