test_prcauc: 0.8060439901911146
test_rocauc: 0.796904886106764
test_loss: 0.7831242084503174
train_prcauc: 0.9250006892629058
train_rocauc: 0.9531849315068494
train_loss: 0.32847867690796995
val_prcauc: 0.9341574017054548
val_rocauc: 0.7003663003663003
val_loss: 0.7378164529800415