prcauc: 0.8053530647398928
rocauc: 0.7974265345157364 