test_mae: 1.1800579055634746
test_rmse: 1.5462996821527175
test_loss: 2.3910427070255955
train_mae: 0.3803937848296744
train_rmse: 0.5167194434819734
train_loss: 0.31377578775087994
val_mae: 1.2976216217570835
val_rmse: 1.6551901125764947
val_loss: 2.739654308770989