test_mae: 0.8960115909576416
test_rmse: 1.1877849102020264
test_loss: 0.8823498636484146
train_mae: 0.8318592309951782
train_rmse: 1.0855801105499268
train_loss: 0.8251225813742606
val_mae: 0.9826419949531555
val_rmse: 1.3074142932891846
val_loss: 0.979335829615593
