test_prcauc: 0.3169850166488321
test_rocauc: 0.6251365174861574
test_loss: 0.31124861046419317
train_prcauc: 0.40972675932156266
train_rocauc: 0.7883784930265857
train_loss: 0.19720114174974418
val_prcauc: 0.33944887210486313
val_rocauc: 0.6314549617419242
val_loss: 0.27069185310644195