test_mae: 0.7406849698271862
test_rmse: 1.146720353099687
test_loss: 1.3149675682130713
train_mae: 0.41076305018081366
train_rmse: 0.5308165767511427
train_loss: 0.542618989944458
val_mae: 0.6288891311564784
val_rmse: 0.9177218057397891
val_loss: 0.8422133127302992