test_prcauc: 0.09990504386794166
test_rocauc: 0.7639780818311767
test_loss: 0.014830937218631088
train_prcauc: 0.18590958675816066
train_rocauc: 0.9209282495337018
train_loss: 0.0109416910948837
val_prcauc: 0.17089885089366239
val_rocauc: 0.792881958386169
val_loss: 0.01304723918450327