prcauc: 0.7746985699290344
rocauc: 0.812206572769953
