test_prcauc: 0.7669786892944443
test_rocauc: 0.843368700265252
test_loss: 0.8177832365036011
train_prcauc: 0.9892971110967475
train_rocauc: 0.9908305651096021
train_loss: 0.20354774216307803
val_prcauc: 0.7987077975717636
val_rocauc: 0.8352863726135616
val_loss: 0.7595181167125702