test_prcauc: 0.3654731762223034
test_rocauc: 0.7436183302480024
test_loss: 0.27215253024071084
train_prcauc: 0.7832129535819331
train_rocauc: 0.9615489092630137
train_loss: 0.12283173269675063
val_prcauc: 0.40249180918725824
val_rocauc: 0.7831743623968941
val_loss: 0.28895725991867705