test_mae: 0.5027666687965393
test_rmse: 0.6726594567298889
test_loss: 0.5027666709252766
train_mae: 0.24398081004619598
train_rmse: 0.34293702244758606
train_loss: 0.2439808277413249
val_mae: 0.48296308517456055
val_rmse: 0.6459838151931763
val_loss: 0.48296307240213665
