test_mae: 0.4413453936576843
test_rmse: 0.5697577595710754
test_loss: 0.43257302045822144
train_mae: 0.31412556767463684
train_rmse: 0.46892473101615906
train_loss: 0.3258723313057864
val_mae: 0.48256030678749084
val_rmse: 0.6913354396820068
val_loss: 0.4913573811451594
