mae: 0.5001115798950195
rmse: 0.6557131409645081
