test_mae: 0.49535617232322693
test_rmse: 0.6491892337799072
test_loss: 0.48832551141579944
train_mae: 0.38458913564682007
train_rmse: 0.5357996821403503
train_loss: 0.38085495432217914
val_mae: 0.4883454442024231
val_rmse: 0.7127563953399658
val_loss: 0.4918277661005656
