prcauc: 0.7881586631726543
rocauc: 0.9076225975741146
