test_prcauc: 0.7586688708610374
test_rocauc: 0.8951430160219651
test_OGBNanLabelloss: 0.15786720663309098
train_prcauc: 0.8811558635535288
train_rocauc: 0.9624850758840936
train_OGBNanLabelloss: 0.12269496901426465
val_prcauc: 0.9441991480641793
val_rocauc: 0.9888990117863358
val_OGBNanLabelloss: 0.06655699107795954
