test_prcauc: 0.6786432222102801
test_rocauc: 0.6408179012345678
test_loss: 1.5017070259366716
train_prcauc: 0.9991159550818994
train_rocauc: 0.9953468013092523
train_loss: 0.09497397487813776
val_prcauc: 0.9311176436521993
val_rocauc: 0.9614656975007467
val_loss: 0.29107796187911716
