test_prcauc: 0.5948981944409759
test_rocauc: 0.7309635368580867
test_loss: 0.2854110300540924
train_prcauc: 0.8272038478200938
train_rocauc: 0.956460869950756
train_loss: 0.12384207415183882
val_prcauc: 0.684826693251471
val_rocauc: 0.777751728710808
val_loss: 0.2436227947473526