prcauc: 0.641112281061969
rocauc: 0.8068148051264166 