test_mae: 0.6020167469978333
test_rmse: 0.7937700152397156
test_loss: 0.6020167491265705
train_mae: 0.14873085916042328
train_rmse: 0.20928898453712463
train_loss: 0.14873086315180575
val_mae: 0.5649499893188477
val_rmse: 0.7318903207778931
val_loss: 0.5649499893188477
