mae: 0.8067717552185059
rmse: 1.083074688911438
