mean_pred: -3.923637628555298
std_pred: 2.380908727645874
mean_targets: -3.7976016998291016
std_targets: 2.129075765609741
mae: 0.8067717552185059
rmse: 1.083074688911438
ogbg-molesol: 1.083074688911438
L1Loss: 0.7983115762472153
