prcauc: 0.6437415133875058
rocauc: 0.6224333484076952
