test_prcauc: 0.31924131114326076
test_rocauc: 0.615356768382692
test_loss: 0.36229360359082263
train_prcauc: 0.6287402003560203
train_rocauc: 0.9062516310843496
train_loss: 0.14920458790493032
val_prcauc: 0.3522918890106194
val_rocauc: 0.6406490137078205
val_loss: 0.2999512119859465