prcauc: 0.5202243535935329
rocauc: 0.5598186668056859 