mae: 0.6056174543911502
rmse: 0.7844431722967703 