test_mae: 2.6376397609710693
test_rmse: 6.118901252746582
test_loss: 2.582653363545736
train_mae: 0.8128219842910767
train_rmse: 1.0388656854629517
train_loss: 0.8386699590418074
val_mae: 2.6368091106414795
val_rmse: 3.4646992683410645
val_loss: 2.4418160915374756
