prcauc: 0.2616658187938369
rocauc: 0.7637034318932385
