test_prcauc: 0.4851266848845779
test_rocauc: 0.8591372986137339
test_loss: 0.20085912886655555
train_prcauc: 0.6502040159169228
train_rocauc: 0.9224114259326391
train_loss: 0.13889997037258117
val_prcauc: 0.4349805440619028
val_rocauc: 0.8414207447212655
val_loss: 0.18386558963442748
