test_prcauc: 0.8047127108154256
test_rocauc: 0.8633889376646181
test_loss: 0.39641093214352924
train_prcauc: 0.8943793516048251
train_rocauc: 0.9232061805890874
train_loss: 0.3713504021487585
val_prcauc: 0.9128545910554108
val_rocauc: 0.9319620253164557
val_loss: 0.3365725303689639
