test_prcauc: 0.6363000482703413
test_rocauc: 0.5774397811718485
test_OGBNanLabelloss: 0.815219235420227
train_prcauc: 0.8923673836012814
train_rocauc: 0.9294192087686522
train_OGBNanLabelloss: 0.2768789322839843
val_prcauc: 0.6506676763615974
val_rocauc: 0.6004520301796761
val_OGBNanLabelloss: 0.7575371861457825
