test_mae: 0.5613494027533701
test_rmse: 0.7226850713997154
test_loss: 0.5235550969034533
train_mae: 0.32242966034217757
train_rmse: 0.41934791251640374
train_loss: 0.2310954617957274
val_mae: 0.5658921259069254
val_rmse: 0.7525738239053569
val_loss: 0.5898733801665583