test_mae: 0.7086506485939026
test_rmse: 0.904577910900116
test_loss: 0.6984744966030121
train_mae: 0.3376740515232086
train_rmse: 0.4901472330093384
train_loss: 0.3326349138252197
val_mae: 0.7011989951133728
val_rmse: 0.9666844010353088
val_loss: 0.6940242350101471
