test_prcauc: 0.8648343927295445
test_rocauc: 0.8853211009174312
test_loss: 0.4528374709188938
train_prcauc: 0.972312900967203
train_rocauc: 0.9746987865194386
train_loss: 0.21083255546788374
val_prcauc: 0.8338470562829869
val_rocauc: 0.9014362373737373
val_loss: 0.4297334775328636
