test_prcauc: 0.12593702734183762
test_rocauc: 0.7671540882875306
test_loss: 0.01662155137934322
train_prcauc: 0.4969985464399723
train_rocauc: 0.9835679681835775
train_loss: 0.00801278105460216
val_prcauc: 0.1179170532307227
val_rocauc: 0.8302473657651726
val_loss: 0.01368883104807652