prcauc: 0.4193936281864569
rocauc: 0.8418564109203907 