test_prcauc: 0.41571903325585535
test_rocauc: 0.8416198086218802
test_loss: 0.131734878718853
train_prcauc: 0.7530682529742397
train_rocauc: 0.9757576368611868
train_loss: 0.0686113644847566
val_prcauc: 0.387900623269763
val_rocauc: 0.8194901553624931
val_loss: 0.15250444069504737