test_mae: 0.47888083663630104
test_rmse: 0.6393927461304704
test_loss: 0.42291994563733404
train_mae: 0.28911737522052056
train_rmse: 0.3724999303207826
train_loss: 0.16903917118906975
val_mae: 0.4739498098636903
val_rmse: 0.6797211057836696
val_loss: 0.49561597178452904