test_prcauc: 0.15965342811586017
test_rocauc: 0.7604183163058382
test_loss: 0.1263510192580083
train_prcauc: 0.5764073848161616
train_rocauc: 0.9141833952699863
train_loss: 0.10126695077037148
val_prcauc: 0.31764119596980606
val_rocauc: 0.8024201450127374
val_loss: 0.0783904501620461