prcauc: 0.7240645485160175
rocauc: 0.7283950617283951 