test_prcauc: 0.36566780266033044
test_rocauc: 0.7062084111051125
test_loss: 0.22898417178000782
train_prcauc: 0.6173706230144153
train_rocauc: 0.9075945303973436
train_loss: 0.16457183871194475
val_prcauc: 0.37102681321677633
val_rocauc: 0.7122953547522514
val_loss: 0.22127047666656452