test_mae: 0.7943694071970155
test_rmse: 1.0858826824595686
test_loss: 1.1791412000655885
train_mae: 0.28036128168547325
train_rmse: 0.3722981632041983
train_loss: 0.24395844340324402
val_mae: 0.7751939443882588
val_rmse: 0.9222001501409463
val_loss: 0.8504531169199838