mae: 0.8071380754551002
rmse: 1.0781233243432335 