test_prcauc: 0.40879291729335226
test_rocauc: 0.8105812013348165
test_loss: 0.31606536795911583
train_prcauc: 0.5646044397302492
train_rocauc: 0.9448610900054185
train_loss: 0.2877812642572701
val_prcauc: 0.3988914110495276
val_rocauc: 0.8395339938642412
val_loss: 0.3679944339842684
