test_mae: 0.7103420320978531
test_rmse: 1.1500260879927402
test_loss: 1.322560003063886
train_mae: 0.5292450536714608
train_rmse: 0.7324454393269674
train_loss: 0.9756927490234375
val_mae: 0.7699642100551772
val_rmse: 1.2401523059686426
val_loss: 1.537977741999342