test_prcauc: 0.6429791146604311
test_rocauc: 0.6030102329949628
test_loss: 0.6812747418880463
train_prcauc: 0.9150730770237809
train_rocauc: 0.9476974482604079
train_loss: 0.2914005850285395
val_prcauc: 0.6427699627499306
val_rocauc: 0.571621730150625
val_loss: 0.6686822474002838