test_mae: 0.654105007648468
test_rmse: 0.8259219527244568
test_loss: 0.6541050182921546
train_mae: 0.13360612094402313
train_rmse: 0.188375324010849
train_loss: 0.13360611236255085
val_mae: 0.6076359748840332
val_rmse: 0.77180016040802
val_loss: 0.6076359578541347
