test_mae: 1.6765981912612915
test_rmse: 2.308293104171753
test_loss: 1.432721237341563
train_mae: 0.3929593861103058
train_rmse: 0.4743165075778961
train_loss: 0.3827018025848601
val_mae: 2.0302438735961914
val_rmse: 3.1024723052978516
val_loss: 1.6836014191309612
