test_prcauc: 0.6632116715166524
test_rocauc: 0.644878030859296
test_loss: 0.6052475316183907
train_prcauc: 0.8875608258897769
train_rocauc: 0.9320496912330133
train_loss: 0.26994444616138935
val_prcauc: 0.671988871515999
val_rocauc: 0.6666308790033313
val_loss: 0.5957836764199393
