test_prcauc: 0.37839370988551163
test_rocauc: 0.7671660466924979
test_loss: 0.2797878958560802
train_prcauc: 0.5919506694064604
train_rocauc: 0.9123510136870757
train_loss: 0.14762157779276086
val_prcauc: 0.40876127889220215
val_rocauc: 0.8069947236723912
val_loss: 0.276387778421243
