test_prcauc: 0.3013013344108506
test_rocauc: 0.6042890199752511
test_loss: 0.30533211187342957
train_prcauc: 0.46641612722553316
train_rocauc: 0.8348818596364413
train_loss: 0.17247004677027541
val_prcauc: 0.35098253455373707
val_rocauc: 0.6691523908089929
val_loss: 0.2676008713406016