prcauc: 0.3018741482771689
rocauc: 0.6045478164162217 