test_prcauc: 0.84061074986556
test_rocauc: 0.8841036414565826
test_loss: 0.45767226815223694
train_prcauc: 0.9246788177325396
train_rocauc: 0.9381373784981144
train_loss: 0.38040017726175673
val_prcauc: 0.7577602737184278
val_rocauc: 0.8562885103298297
val_loss: 0.5551192164421082