mae: 0.693215369774745
rmse: 1.0647109775497805 