test_mae: 0.6913285412054796
test_rmse: 1.1357941970766408
test_loss: 1.2900284581129715
train_mae: 0.478913832694117
train_rmse: 0.6341239597175943
train_loss: 0.668932169675827
val_mae: 0.7448658622659389
val_rmse: 1.2108461884837807
val_loss: 1.4661484921656993