test_mae: 0.8298125863075256
test_rmse: 1.1141917705535889
test_loss: 0.8175507932901382
train_mae: 0.2928079664707184
train_rmse: 0.4167984426021576
train_loss: 0.28545926078673334
val_mae: 0.6901043653488159
val_rmse: 0.9221144914627075
val_loss: 0.6855621635913849
