test_prcauc: 0.2931694689114577
test_rocauc: 0.6019301237989413
test_loss: 0.28659317428042924
train_prcauc: 0.5047260220913732
train_rocauc: 0.849850509870084
train_loss: 0.1698870754736226
val_prcauc: 0.34874863943858875
val_rocauc: 0.6577108591636703
val_loss: 0.27786287121463193