test_prcauc: 0.062430394351925426
test_rocauc: 0.7272384430718813
test_loss: 0.01502206535326038
train_prcauc: 0.1586558649809137
train_rocauc: 0.9025561881598135
train_loss: 0.009937952486886947
val_prcauc: 0.07339454307570809
val_rocauc: 0.7726089611820331
val_loss: 0.01608377153461802
