test_prcauc: 0.36241401310611504
test_rocauc: 0.752796858205455
test_loss: 0.2514394449848533
train_prcauc: 0.7175134037429327
train_rocauc: 0.9449089224267787
train_loss: 0.13845239337541407
val_prcauc: 0.3827804034966464
val_rocauc: 0.8015827992842346
val_loss: 0.27372642285167836