test_prcauc: 0.6074649921209841
test_rocauc: 0.5662001366867342
test_OGBNanLabelloss: 1.132196307182312
train_prcauc: 0.9677506579852797
train_rocauc: 0.9863029395441699
train_OGBNanLabelloss: 0.14194290650387606
val_prcauc: 0.6489293268031643
val_rocauc: 0.6069118602176795
val_OGBNanLabelloss: 0.9089256048202514
