test_mae: 0.4287129044532776
test_rmse: 0.607593297958374
test_loss: 0.4287129172257015
train_mae: 0.1718541532754898
train_rmse: 0.2468782514333725
train_loss: 0.1718541532754898
val_mae: 0.41021403670310974
val_rmse: 0.5512452721595764
val_loss: 0.4102140505399023
