test_prcauc: 0.312015111042426
test_rocauc: 0.6100082195332754
test_loss: 0.31813765289652124
train_prcauc: 0.4672569447031473
train_rocauc: 0.821664737441432
train_loss: 0.18558243454599058
val_prcauc: 0.3376428462199882
val_rocauc: 0.6252363633526545
val_loss: 0.2834744965106861