test_prcauc: 0.6138221937850582
test_rocauc: 0.7779037639453654
test_loss: 0.5827711880207062
train_prcauc: 0.878049509822792
train_rocauc: 0.9541971427315763
train_loss: 0.12212367146275938
val_prcauc: 0.7796125772067034
val_rocauc: 0.9594052660954069
val_loss: 0.1284754926338792
