test_prcauc: 0.1708995108794214
test_rocauc: 0.7478630332760385
test_loss: 0.140048329882762
train_prcauc: 0.5868101654260308
train_rocauc: 0.9174494225579276
train_loss: 0.10510608304507134
val_prcauc: 0.3143633285188907
val_rocauc: 0.8275003674309229
val_loss: 0.07979641263099278