test_prcauc: 0.6466245825400427
test_rocauc: 0.6142797981460151
test_loss: 0.5839983224868774
train_prcauc: 0.8597994448413774
train_rocauc: 0.9009319949678374
train_loss: 0.3604051494782872
val_prcauc: 0.6356582000296096
val_rocauc: 0.5726093158364903
val_loss: 0.6262406706809998