test_prcauc: 0.6379799978220171
test_rocauc: 0.6370563271604939
test_loss: 2.236098732267107
train_prcauc: 0.9999323131618487
train_rocauc: 0.9996403459370243
train_loss: 0.04259859242222526
val_prcauc: 0.9244281255002411
val_rocauc: 0.9460320621328289
val_loss: 0.49169887016926495
