test_prcauc: 0.3047321125192387
test_rocauc: 0.737198730697746
test_loss: 0.304924589616281
train_prcauc: 0.5483554171753892
train_rocauc: 0.901246525462354
train_loss: 0.15035434249057725
val_prcauc: 0.3835033768286115
val_rocauc: 0.7921593670807591
val_loss: 0.2684980164523478
