test_mae: 1.7735173287299963
test_rmse: 2.485495077015138
test_loss: 6.177685777866489
train_mae: 0.49636616975924985
train_rmse: 0.6422497318350034
train_loss: 0.4378948211669922
val_mae: 0.9483870627103667
val_rmse: 1.2970089820484567
val_loss: 1.682232299514374