test_prcauc: 0.8498855799315297
test_rocauc: 0.7644755821141562
test_loss: 0.7688351090658795
train_prcauc: 0.865032553697926
train_rocauc: 0.8883423344523913
train_loss: 0.4389499233615014
val_prcauc: 0.37434709620345125
val_rocauc: 0.8058589870903674
val_loss: 0.3679989522153681
