test_prcauc: 0.3032104483218322
test_rocauc: 0.614095834466798
test_loss: 0.3118322427799533
train_prcauc: 0.456517294528705
train_rocauc: 0.830083771355675
train_loss: 0.16796919391318382
val_prcauc: 0.3672744676660008
val_rocauc: 0.6724388955882777
val_loss: 0.27279723094714203