test_prcauc: 0.361983686432449
test_rocauc: 0.6579232458876891
test_loss: 0.3167638095288441
train_prcauc: 0.5520297589359681
train_rocauc: 0.8671344334693397
train_loss: 0.14323056001199905
val_prcauc: 0.3967746564374786
val_rocauc: 0.6908617092156957
val_loss: 0.26848434836700047
