test_mae: 1.0906492471694946
test_rmse: 5.6506147384643555
test_loss: 0.993462336063385
train_mae: 0.23626463115215302
train_rmse: 0.39066919684410095
train_loss: 0.23541707488206717
val_mae: 0.5758183002471924
val_rmse: 0.9221490621566772
val_loss: 0.6100897848606109
