test_mae: 0.6293387413024902
test_rmse: 3.043541669845581
test_loss: 0.6293387945209231
train_mae: 0.26893025636672974
train_rmse: 1.728116512298584
train_loss: 0.2689302606242044
val_mae: 0.5365761518478394
val_rmse: 0.7307111620903015
val_loss: 0.5365761294960976
