mae: 0.5467743277549744
rmse: 0.7313240766525269
