test_prcauc: 0.23287288959661123
test_rocauc: 0.7319801463913942
test_loss: 0.3775025234368724
train_prcauc: 0.45630549265217424
train_rocauc: 0.8945288583657336
train_loss: 0.11389893823903506
val_prcauc: 0.2329020429524716
val_rocauc: 0.8094227660199882
val_loss: 0.2764499102528477
