prcauc: 0.6719514334947511
rocauc: 0.8772782776594852
