test_prcauc: 0.6358902247224107
test_rocauc: 0.796743796228651
test_OGBNanLabelloss: 0.29710724391043186
train_prcauc: 0.9817037780229514
train_rocauc: 0.996101737031922
train_OGBNanLabelloss: 0.059285692098949634
val_prcauc: 0.8487912809774786
val_rocauc: 0.951201272069163
val_OGBNanLabelloss: 0.12250020448118448
