prcauc: 0.7345668993087479
rocauc: 0.9098420086119554
