test_prcauc: 0.8128784584321815
test_rocauc: 0.9374960422998988
test_loss: 0.1262824697420001
train_prcauc: 0.8755841851629629
train_rocauc: 0.969350448583259
train_loss: 0.12024336357911428
val_prcauc: 0.7496527151794226
val_rocauc: 0.9121158639393638
val_loss: 0.1797845523804426
