test_mae: 0.5819795762185185
test_rmse: 0.7618907364135296
test_loss: 0.5882699226296583
train_mae: 0.2869370907341086
train_rmse: 0.3709257493727611
train_loss: 0.1975281521677971
val_mae: 0.5636744442965304
val_rmse: 0.7379310387113797
val_loss: 0.5450744097880094