mae: 0.5819800160743651
rmse: 0.765496876119709 