test_prcauc: 0.22991861151298376
test_rocauc: 0.6658317078352228
test_loss: 0.13096103648506646
train_prcauc: 0.24102383532929547
train_rocauc: 0.7664525855511124
train_loss: 0.14016950602830816
val_prcauc: 0.22119003688225264
val_rocauc: 0.768497085048011
val_loss: 0.09366379620885287
