test_prcauc: 0.5852964370434659
test_rocauc: 0.5882455225178229
test_loss: 0.8216410875320435
train_prcauc: 0.6418503986693023
train_rocauc: 0.7550485159817352
train_loss: 0.6424834964216041
val_prcauc: 0.9313628209716991
val_rocauc: 0.7128205128205128
val_loss: 1.0615874528884888