test_mae: 1.9144113063812256
test_rmse: 2.571268081665039
test_loss: 1.913036584854126
train_mae: 0.408997505903244
train_rmse: 0.5763798952102661
train_loss: 0.4048749738269382
val_mae: 2.073284149169922
val_rmse: 3.1265792846679688
val_loss: 1.7536179820696514
