test_prcauc: 0.7073735461710653
test_rocauc: 0.8851631583266654
test_OGBNanLabelloss: 0.4978388596791774
train_prcauc: 0.8894911094389616
train_rocauc: 0.9692085369836321
train_OGBNanLabelloss: 0.11318391513611589
val_prcauc: 0.9339784472979882
val_rocauc: 0.9884211897319314
val_OGBNanLabelloss: 0.10313443199265748
