prcauc: 0.7986842481857395
rocauc: 0.8945225785273179
