test_prcauc: 0.6223862299428513
test_rocauc: 0.6027620885295691
test_loss: 0.540974497795105
train_prcauc: 0.7980704516470423
train_rocauc: 0.8430729563356792
train_loss: 0.3766526635736227
val_prcauc: 0.670190872034862
val_rocauc: 0.614778926377369
val_loss: 0.5194552966526577
