test_prcauc: 0.645870488188946
test_rocauc: 0.8272433998483268
test_loss: 0.2001163214445114
train_prcauc: 0.7868148102558482
train_rocauc: 0.9369376730377585
train_loss: 0.26052915686741474
val_prcauc: 0.7877763182897052
val_rocauc: 0.949513918277143
val_loss: 0.14075749665498732
