test_prcauc: 0.4153049649916758
test_rocauc: 0.8337179084048535
test_loss: 0.11506119221448899
train_prcauc: 0.6162560732191693
train_rocauc: 0.9455050208837197
train_loss: 0.0859779601869567
val_prcauc: 0.43401916905095245
val_rocauc: 0.8144745670557477
val_loss: 0.12894552811980248