test_prcauc: 0.2769648279985299
test_rocauc: 0.725825610757778
test_loss: 0.2858306040137117
train_prcauc: 0.6026509011649869
train_rocauc: 0.9142770905296344
train_loss: 0.13997923451156324
val_prcauc: 0.31841353539786327
val_rocauc: 0.7487265424470166
val_loss: 0.2949416771175348