prcauc: 0.2751500319892289
rocauc: 0.7251920599697362 