test_prcauc: 0.5471140661707165
test_rocauc: 0.565640758129021
test_loss: 3.8051922538628182
train_prcauc: 0.9769725111836338
train_rocauc: 0.9845490867579909
train_loss: 0.5936813539848095
val_prcauc: 0.9461982353848097
val_rocauc: 0.7304029304029304
val_loss: 3.5889551752819293
