prcauc: 0.3768859667799224
rocauc: 0.7499529612080406 