prcauc: 0.6932167026996512
rocauc: 0.6917438271604938
