test_mae: 0.4233676791191101
test_rmse: 0.603744626045227
test_loss: 0.42336768550532206
train_mae: 0.11961192637681961
train_rmse: 0.1788141131401062
train_loss: 0.11961193400479499
val_mae: 0.38600021600723267
val_rmse: 0.5192764401435852
val_loss: 0.3860002319727625
