mae: 0.5606629335394218
rmse: 0.7274067743074615 