test_prcauc: 0.6768718891892949
test_rocauc: 0.7743279569892474
test_loss: 1.2136332988739014
train_prcauc: 0.9950858721466949
train_rocauc: 0.9800210928745632
train_loss: 0.19274921641829848
val_prcauc: 0.9938605600646631
val_rocauc: 0.9511599511599511
val_loss: 0.33872484415769577