prcauc: 0.20139902734406093
rocauc: 0.7425693814094517 