test_prcauc: 0.6659782780778181
test_rocauc: 0.8531579619257345
test_loss: 0.21278550941497087
train_prcauc: 0.953106665860183
train_rocauc: 0.9883951749822005
train_loss: 0.07694967894681863
val_prcauc: 0.8476105024969269
val_rocauc: 0.9561488570671035
val_loss: 0.10804690280929208
