prcauc: 0.4247789198993812
rocauc: 0.824784957807538 