test_prcauc: 0.4139024440196409
test_rocauc: 0.8259307130525059
test_loss: 0.19139828857768043
train_prcauc: 0.6882608856091098
train_rocauc: 0.9386588745664767
train_loss: 0.1477591385774196
val_prcauc: 0.5150492656634099
val_rocauc: 0.8409895970940696
val_loss: 0.16938220504479176