test_prcauc: 0.6315408282730779
test_rocauc: 0.5897915340054266
test_loss: 0.6089816689491272
train_prcauc: 0.903261189674464
train_rocauc: 0.9341406175416815
train_loss: 0.32741092887285184
val_prcauc: 0.6851399533856001
val_rocauc: 0.6324485898063932
val_loss: 0.5610784292221069