test_prcauc: 0.3168720325193491
test_rocauc: 0.6319277064011636
test_loss: 0.3676190369139843
train_prcauc: 0.5258809691527635
train_rocauc: 0.8602395813273099
train_loss: 0.17077168720273764
val_prcauc: 0.3516258729511014
val_rocauc: 0.6529884362494536
val_loss: 0.28475878848673997