test_mae: 1.8107351064682007
test_rmse: 2.226412534713745
test_loss: 1.619950532913208
train_mae: 0.5413129329681396
train_rmse: 0.7275583744049072
train_loss: 0.5584946489996381
val_mae: 2.2573904991149902
val_rmse: 3.3129501342773438
val_loss: 1.9674454132715862
