test_mae: 0.4302498400211334
test_rmse: 0.5989198684692383
test_loss: 0.4211483846108119
train_mae: 0.15511365234851837
train_rmse: 0.23134927451610565
train_loss: 0.15419290601103394
val_mae: 0.46393242478370667
val_rmse: 0.6569065451622009
val_loss: 0.46321310599644977
