test_mae: 0.4105125665664673
test_rmse: 0.5487987399101257
test_loss: 0.41051257721015383
train_mae: 0.2239043116569519
train_rmse: 0.32142582535743713
train_loss: 0.22390431192304408
val_mae: 0.4289195239543915
val_rmse: 0.6316642165184021
val_loss: 0.4289195388555527
