test_prcauc: 0.6124790572032659
test_rocauc: 0.831912002471213
test_loss: 0.21073804795742035
train_prcauc: 0.746383686137531
train_rocauc: 0.8996538711643693
train_loss: 0.1777058340337398
val_prcauc: 0.5797237141297412
val_rocauc: 0.7223908775415877
val_loss: 0.3104656934738159