test_prcauc: 0.4559282791645139
test_rocauc: 0.8344217527092815
test_loss: 0.1895966616602983
train_prcauc: 0.717997365875472
train_rocauc: 0.9422593889210676
train_loss: 0.1468825601706446
val_prcauc: 0.5130011621914689
val_rocauc: 0.8345656214242124
val_loss: 0.1789288870238096