test_prcauc: 0.6255003475040323
test_rocauc: 0.5982055994830305
test_loss: 0.5426357388496399
train_prcauc: 0.8050180360053334
train_rocauc: 0.8415664586877392
train_loss: 0.4183453732443403
val_prcauc: 0.6737609512642408
val_rocauc: 0.6400599346125789
val_loss: 0.4984824061393738