test_mae: 0.5902159810066223
test_rmse: 0.8326015472412109
test_loss: 0.5337736159563065
train_mae: 0.3842535614967346
train_rmse: 0.6241797208786011
train_loss: 0.38444754481315613
val_mae: 0.5655055046081543
val_rmse: 0.8316690921783447
val_loss: 0.6295435726642609
