test_prcauc: 0.32562162789080357
test_rocauc: 0.7351091702361724
test_loss: 0.2912290959085904
train_prcauc: 0.6214829287909742
train_rocauc: 0.9174786365565347
train_loss: 0.1462429335836223
val_prcauc: 0.34009533563124544
val_rocauc: 0.754199357893405
val_loss: 0.2819762271719463