prcauc: 0.7704067053465549
rocauc: 0.7643888019474875
