test_prcauc: 0.6124295717990574
test_rocauc: 0.5737214718785627
test_loss: 0.7185901284217835
train_prcauc: 0.811879782097448
train_rocauc: 0.8608636653435731
train_loss: 0.36568471292654675
val_prcauc: 0.674777950299488
val_rocauc: 0.6263295812108659
val_loss: 0.667367136478424
