test_mae: 0.7593626976013184
test_rmse: 0.9752055406570435
test_loss: 0.7569614797830582
train_mae: 0.3279244303703308
train_rmse: 0.42802995443344116
train_loss: 0.33355770332197987
val_mae: 0.7557260990142822
val_rmse: 1.0011721849441528
val_loss: 0.7575805336236954
