test_prcauc: 0.8750773786690313
test_rocauc: 0.772408819287039
test_loss: 0.7570024633949454
train_prcauc: 0.9423982016676964
train_rocauc: 0.949978105386075
train_loss: 0.3113842914181371
val_prcauc: 0.4621198122904393
val_rocauc: 0.8325719960278053
val_loss: 0.3872575820846991
