prcauc: 0.16800597230323452
rocauc: 0.7309005581413315 