test_prcauc: 0.23245769367098743
test_rocauc: 0.7471986712759999
test_loss: 0.14293482286088607
train_prcauc: 0.7265547688053645
train_rocauc: 0.9556384874716684
train_loss: 0.08938140159723339
val_prcauc: 0.3528243415558624
val_rocauc: 0.8141871203213795
val_loss: 0.08522539322867113