test_mae: 0.49228397011756897
test_rmse: 0.6828812956809998
test_loss: 0.4922839573451451
train_mae: 0.12273706495761871
train_rmse: 0.2290860265493393
train_loss: 0.12273706156494361
val_mae: 0.46293166279792786
val_rmse: 0.6309531331062317
val_loss: 0.4629316585404532
