test_prcauc: 0.6334104437218884
test_rocauc: 0.803811733222118
test_loss: 0.2988799139857292
train_prcauc: 0.9987101751569839
train_rocauc: 0.9987306784364445
train_loss: 0.028486515476834028
val_prcauc: 0.8941972993983482
val_rocauc: 0.9933197084605536
val_loss: 0.07379883237299509
