test_mae: 1.026441871821353
test_rmse: 1.2617232065626784
test_loss: 1.5919454499788068
train_mae: 0.3030135020679162
train_rmse: 0.39697694083973956
train_loss: 0.343825601041317
val_mae: 0.9886065524974755
val_rmse: 1.1857861288438636
val_loss: 1.406088743358516