test_prcauc: 0.6432481826118653
test_rocauc: 0.6137570883745028
test_OGBNanLabelloss: 0.740530252456665
train_prcauc: 0.9299324652391716
train_rocauc: 0.9665973115334835
train_OGBNanLabelloss: 0.1973557509481907
val_prcauc: 0.6855249870121478
val_rocauc: 0.6425609740207995
val_OGBNanLabelloss: 0.6608771204948425
