test_mae: 0.8849189281463623
test_rmse: 1.1885052919387817
test_loss: 0.8800507932901382
train_mae: 0.36110368371009827
train_rmse: 0.4729228615760803
train_loss: 0.35965084693124216
val_mae: 0.7574172616004944
val_rmse: 1.0269997119903564
val_loss: 0.7485782951116562
