test_prcauc: 0.10939697690062834
test_rocauc: 0.7163701793363701
test_loss: 0.014211274787869694
train_prcauc: 0.4392357809554704
train_rocauc: 0.978178672045226
train_loss: 0.008724428529272663
val_prcauc: 0.10255277770874374
val_rocauc: 0.8150213577762865
val_loss: 0.014523045932769159