test_mae: 0.8383104167068706
test_rmse: 1.0680832778134974
test_loss: 1.1408018883448245
train_mae: 0.35664324799879704
train_rmse: 0.48130750238458647
train_loss: 0.37504514306783676
val_mae: 0.7821525904906572
val_rmse: 1.0369678856297249
val_loss: 1.0753023958273824