mae: 0.5507832989460892
rmse: 0.7137919331827934 