test_mae: 0.5437698842991913
test_rmse: 0.7146734061895171
test_loss: 0.5260869615123215
train_mae: 0.27646933656601475
train_rmse: 0.3585080684884282
train_loss: 0.2049653803308805
val_mae: 0.5583366370418715
val_rmse: 0.7586912132216302
val_loss: 0.614494820516863