test_prcauc: 0.278997909819558
test_rocauc: 0.7293242018026295
test_OGBNanLabelloss: 0.9740342370889805
train_prcauc: 0.45563760182849283
train_rocauc: 0.8777976106251376
train_OGBNanLabelloss: 0.16860579973772952
val_prcauc: 0.33256745967900025
val_rocauc: 0.7751513808974629
val_OGBNanLabelloss: 0.5954707670542929
