test_prcauc: 0.8091048784302008
test_rocauc: 0.8767443673501207
test_loss: 0.46141546964645386
train_prcauc: 0.9326901870432205
train_rocauc: 0.9445795466791193
train_loss: 0.36460750477718
val_prcauc: 0.7819003614896975
val_rocauc: 0.8151908697363243
val_loss: 0.6629383563995361