test_mae: 0.5325033664703369
test_rmse: 0.7243118286132812
test_loss: 0.532503356891019
train_mae: 0.22718530893325806
train_rmse: 0.3490969240665436
train_loss: 0.2271853151420752
val_mae: 0.5325319170951843
val_rmse: 0.7165769934654236
val_loss: 0.5325318894215992
