mae: 0.5365519523620605
rmse: 0.7079911231994629
