test_mae: 0.5509849190711975
test_rmse: 0.7558541893959045
test_loss: 0.5509849414229393
train_mae: 0.11231758445501328
train_rmse: 0.16945548355579376
train_loss: 0.11231758782551401
val_mae: 0.5370361804962158
val_rmse: 0.7221526503562927
val_loss: 0.537036195397377
