test_mae: 0.5704591285339187
test_rmse: 0.7434214811515083
test_loss: 0.5496572183284665
train_mae: 0.3144425743952723
train_rmse: 0.4059139094481625
train_loss: 0.21639286230007806
val_mae: 0.5565485390878859
val_rmse: 0.742050298129447
val_loss: 0.5866710386355815