test_mae: 2.8810222148895264
test_rmse: 4.126247406005859
test_loss: 2.5805655320485434
train_mae: 0.8168551921844482
train_rmse: 1.1088695526123047
train_loss: 0.8294395903746287
val_mae: 3.127514123916626
val_rmse: 4.5103912353515625
val_loss: 2.625820279121399
