test_prcauc: 0.5223525319806064
test_rocauc: 0.5479777047926877
test_loss: 0.4321397840976715
train_prcauc: 0.6103207321657912
train_rocauc: 0.7632275800801116
train_loss: 0.40579394577123135
val_prcauc: 0.5687724775420814
val_rocauc: 0.7686816704422339
val_loss: 0.37599465250968933