test_prcauc: 0.09942367013129257
test_rocauc: 0.699320834368695
test_loss: 0.018868233891925303
train_prcauc: 0.27172771980053184
train_rocauc: 0.9537424138808825
train_loss: 0.010233012572903849
val_prcauc: 0.1348331316872843
val_rocauc: 0.7709312553576702
val_loss: 0.01680495219625091