test_prcauc: 0.6268411995642496
test_rocauc: 0.6112863267690055
test_loss: 0.5117499828338623
train_prcauc: 0.7563120781415333
train_rocauc: 0.7915821078453985
train_loss: 0.44242040168718955
val_prcauc: 0.6602979713792776
val_rocauc: 0.6027771439919065
val_loss: 0.4975195527076721