test_prcauc: 0.6137298472846072
test_rocauc: 0.6024540685123261
test_loss: 0.5939815044403076
train_prcauc: 0.8013898100826966
train_rocauc: 0.8406098955156263
train_loss: 0.41346843193052596
val_prcauc: 0.6832615316073899
val_rocauc: 0.6257693667723322
val_loss: 0.5321040749549866