test_mae: 0.9901493916136378
test_rmse: 1.2253049522895267
test_loss: 1.5013722261052391
train_mae: 0.5255992338664187
train_rmse: 0.6641070128392021
train_loss: 0.4890923649072647
val_mae: 0.8790868904632929
val_rmse: 1.145972847692151
val_loss: 1.3132537676476574