test_mae: 1.0382612943649292
test_rmse: 2.184412717819214
test_loss: 1.022618591785431
train_mae: 0.3597046732902527
train_rmse: 0.5033625364303589
train_loss: 0.35595566226590064
val_mae: 0.8087851405143738
val_rmse: 1.0311977863311768
val_loss: 0.8020284175872803
