test_prcauc: 0.3133233438336729
test_rocauc: 0.7359347679963419
test_OGBNanLabelloss: 0.2905251930157344
train_prcauc: 0.404644320243914
train_rocauc: 0.8487600226723807
train_OGBNanLabelloss: 0.19078702080335344
val_prcauc: 0.32435432421848454
val_rocauc: 0.77639113948849
val_OGBNanLabelloss: 0.3378302014812275
