test_prcauc: 0.8539191750267253
test_rocauc: 0.7628205128205128
test_loss: 1.0595343112945557
train_prcauc: 0.9585231614861298
train_rocauc: 0.9652274035693724
train_loss: 0.27902493723269506
val_prcauc: 0.4167656626587796
val_rocauc: 0.7492600422832981
val_loss: 0.730423092842102