test_prcauc: 0.6689923883616986
test_rocauc: 0.8583220070753556
test_loss: 0.21483662072569132
train_prcauc: 0.9659719840787443
train_rocauc: 0.991447773587
train_loss: 0.07023903759462492
val_prcauc: 0.820550352748243
val_rocauc: 0.9503920250365747
val_loss: 0.130478800740093
