test_prcauc: 0.05224396178924309
test_rocauc: 0.7204725226291367
test_loss: 0.015321811228970028
train_prcauc: 0.14959721438932216
train_rocauc: 0.8906196867414092
train_loss: 0.01183846016435742
val_prcauc: 0.11461232673900133
val_rocauc: 0.7621489769211948
val_loss: 0.013678097414626781