prcauc: 0.8233462407019165
rocauc: 0.8153364632237872
