test_prcauc: 0.44771368636623127
test_rocauc: 0.8483828547891893
test_loss: 0.20161209424149315
train_prcauc: 0.5749921565077388
train_rocauc: 0.9110963766039322
train_loss: 0.155735880041578
val_prcauc: 0.3911257421291931
val_rocauc: 0.8359742012925299
val_loss: 0.18885623621490766
