test_prcauc: 0.8269862572669884
test_rocauc: 0.9317679161281057
test_loss: 0.10104484064504504
train_prcauc: 0.9720866877276853
train_rocauc: 0.9953154727928172
train_loss: 0.04693469910749367
val_prcauc: 0.9387899107427626
val_rocauc: 0.9805827886710239
val_loss: 0.11256532958941534
