prcauc: 0.5165096168772413
rocauc: 0.5616676224238002 