mae: 0.4513476490974426
rmse: 0.642081081867218
