test_mae: 0.49957841634750366
test_rmse: 0.6868919730186462
test_loss: 0.48283225297927856
train_mae: 0.36461618542671204
train_rmse: 0.5082248449325562
train_loss: 0.3699127021043197
val_mae: 0.47260698676109314
val_rmse: 0.6777619123458862
val_loss: 0.47452640905976295
