test_prcauc: 0.16060021517177928
test_rocauc: 0.763351938044381
test_loss: 0.1489354661282371
train_prcauc: 0.7597636555365439
train_rocauc: 0.9763413322996433
train_loss: 0.07582828078413624
val_prcauc: 0.2840810633432973
val_rocauc: 0.8283454585537918
val_loss: 0.08592137190348961