test_prcauc: 0.05960499516724481
test_rocauc: 0.7487976240754164
test_loss: 0.013292430792489736
train_prcauc: 0.3045820341466739
train_rocauc: 0.9497211056280794
train_loss: 0.00992763035748656
val_prcauc: 0.07254587578913713
val_rocauc: 0.7412732288938223
val_loss: 0.014806231395479541