test_prcauc: 0.6448757284140454
test_rocauc: 0.6463972625372937
test_loss: 0.5202906608581543
train_prcauc: 0.7963310640783092
train_rocauc: 0.8408996697885994
train_loss: 0.39291541443930733
val_prcauc: 0.7236272518101886
val_rocauc: 0.694238210830007
val_loss: 0.4787421405315399
