prcauc: 0.6365872727662535
rocauc: 0.6346060371869492
