prcauc: 0.3723247881185594
rocauc: 0.6691322578213852
