prcauc: 0.1542729983613006
rocauc: 0.6962282006218736 