test_prcauc: 0.4861127042744822
test_rocauc: 0.8557922928239409
test_loss: 0.1889779981225729
train_prcauc: 0.5618420328904028
train_rocauc: 0.9003937356736712
train_loss: 0.16047965311776094
val_prcauc: 0.4498902318075515
val_rocauc: 0.8381978944190475
val_loss: 0.19248959608376026
