test_mae: 0.4766280949115753
test_rmse: 0.6391552090644836
test_loss: 0.4766281147797902
train_mae: 0.13086435198783875
train_rmse: 0.1869334578514099
train_loss: 0.13086436453218364
val_mae: 0.4989874064922333
val_rmse: 0.6993622183799744
val_loss: 0.4989874448095049
