prcauc: 0.16422167005451624
rocauc: 0.7328975067112149 