test_prcauc: 0.1826517330034366
test_rocauc: 0.8087818160853613
test_loss: 0.5597394116595388
train_prcauc: 0.5920280291337328
train_rocauc: 0.9612661259671994
train_loss: 0.18175797374694996
val_prcauc: 0.20205312517768675
val_rocauc: 0.7452530525341516
val_loss: 0.3785747532085092
