test_mae: 0.7908084988594055
test_rmse: 0.9884330630302429
test_loss: 0.7904937714338303
train_mae: 0.24158744513988495
train_rmse: 0.33239033818244934
train_loss: 0.24101571306105582
val_mae: 0.8017455339431763
val_rmse: 1.035203456878662
val_loss: 0.7906798422336578
