test_prcauc: 0.40787045850764525
test_rocauc: 0.8110261401557286
test_loss: 0.34451053898268635
train_prcauc: 0.6277594918427031
train_rocauc: 0.9459873665160872
train_loss: 0.10324257074362016
val_prcauc: 0.39695627303424447
val_rocauc: 0.8245958593787037
val_loss: 0.27818034941573505
