prcauc: 0.7977515635354157
rocauc: 0.8502869066249348
