prcauc: 0.35134268171432986
rocauc: 0.744716303276387 