test_prcauc: 0.34574474377515596
test_rocauc: 0.7423941224240961
test_loss: 0.24559573915559
train_prcauc: 0.5687902114868456
train_rocauc: 0.9092291183212492
train_loss: 0.1638632657485448
val_prcauc: 0.3561130564493818
val_rocauc: 0.7751446418576632
val_loss: 0.2761261665066024