test_mae: 0.46855151653289795
test_rmse: 1.1885833740234375
test_loss: 0.4685514973742621
train_mae: 0.21598710119724274
train_rmse: 0.31213313341140747
train_loss: 0.21598708452213378
val_mae: 0.3994179666042328
val_rmse: 0.5370984077453613
val_loss: 0.39941796553986414
