test_mae: 0.4190368056297302
test_rmse: 0.6049104332923889
test_loss: 0.419036797114781
train_mae: 0.09033630043268204
train_rmse: 0.1390337198972702
train_loss: 0.09033630535538707
val_mae: 0.39386507868766785
val_rmse: 0.5253103971481323
val_loss: 0.39386508826698574
