test_prcauc: 0.30806398264015017
test_rocauc: 0.7234521456618165
test_loss: 0.27608088707482376
train_prcauc: 0.34860115142322473
train_rocauc: 0.8452114762403764
train_loss: 0.19494538968117042
val_prcauc: 0.3406694218701975
val_rocauc: 0.7594893652694118
val_loss: 0.2607931145639331
