test_prcauc: 0.6395691650302753
test_rocauc: 0.5946190755532624
test_loss: 0.5664266149202982
train_prcauc: 0.8057410142865491
train_rocauc: 0.8492647228627154
train_loss: 0.3878304163614909
val_prcauc: 0.6511319981005235
val_rocauc: 0.5944496843087742
val_loss: 0.5909194217787849
