test_prcauc: 0.6145886234533049
test_rocauc: 0.5651742318485936
test_loss: 0.8173720598220825
train_prcauc: 0.832932538263301
train_rocauc: 0.8845030319621926
train_loss: 0.3420699718925688
val_prcauc: 0.673454851233132
val_rocauc: 0.6408995936895153
val_loss: 0.6219113588333129
