test_prcauc: 0.3303538382810856
test_rocauc: 0.764650576773369
test_loss: 0.4448907380854642
train_prcauc: 0.5784155004684258
train_rocauc: 0.9041435867071829
train_loss: 0.16358100804700806
val_prcauc: 0.3355150031448741
val_rocauc: 0.7730375968898904
val_loss: 0.3757839981052611
