test_prcauc: 0.8039644971320692
test_rocauc: 0.8151625804207965
test_loss: 1.383192146352182
train_prcauc: 0.9958051265168999
train_rocauc: 0.9976883561643836
train_loss: 0.11875990541969858
val_prcauc: 0.9512408398437977
val_rocauc: 0.7391941391941392
val_loss: 1.5519785747552912
