test_mae: 3.1426436047456585
test_rmse: 4.408980278292264
test_loss: 19.439107094370133
train_mae: 0.6689411518265622
train_rmse: 0.8869898859938794
train_loss: 0.944618433713913
val_mae: 1.1023818938904686
val_rmse: 1.4523540757540703
val_loss: 2.1093323613594595