test_prcauc: 0.6128052064095947
test_rocauc: 0.5921971462298378
test_loss: 0.570833045244217
train_prcauc: 0.7367644212055381
train_rocauc: 0.7828720856416168
train_loss: 0.44159363210201263
val_prcauc: 0.6612971071403565
val_rocauc: 0.641177408348135
val_loss: 0.4815026164054871
