test_prcauc: 0.7934252446948395
test_rocauc: 0.7875152147452616
test_loss: 0.6640321612358093
train_prcauc: 0.8331868643302931
train_rocauc: 0.8964126712328767
train_loss: 0.4376069938166001
val_prcauc: 0.9385509380872799
val_rocauc: 0.7018315018315019
val_loss: 0.6326568722724915