test_prcauc: 0.1687957947836908
test_rocauc: 0.7490720176133181
test_loss: 0.1360298373243388
train_prcauc: 0.5777246921034348
train_rocauc: 0.9179023368954767
train_loss: 0.10625554584846314
val_prcauc: 0.3750189603739247
val_rocauc: 0.8176593425436018
val_loss: 0.07647998148904127