test_prcauc: 0.10628302730817492
test_rocauc: 0.7942225571685454
test_loss: 0.015328503816224156
train_prcauc: 0.30477295030264107
train_rocauc: 0.9614004373693835
train_loss: 0.009552432650090608
val_prcauc: 0.19081143739244358
val_rocauc: 0.8340423213690339
val_loss: 0.013125161236089625