test_mae: 0.3688085675239563
test_rmse: 0.5041173696517944
test_loss: 0.36880857178143095
train_mae: 0.17595447599887848
train_rmse: 0.2555772662162781
train_loss: 0.17595447094312736
val_mae: 0.4226130545139313
val_rmse: 0.6308650970458984
val_loss: 0.4226130630288805
