test_prcauc: 0.35465529964276293
test_rocauc: 0.6613605542939296
test_loss: 0.30333484570647395
train_prcauc: 0.5841190742598215
train_rocauc: 0.8843882170773628
train_loss: 0.13294452730918405
val_prcauc: 0.37260311134803664
val_rocauc: 0.6835699250277407
val_loss: 0.26270629430926123
