prcauc: 0.3288510094094602
rocauc: 0.6457017283005206
