prcauc: 0.3575631337460225
rocauc: 0.7428356331134213 