test_prcauc: 0.5474852440306947
test_rocauc: 0.7055212351857645
test_loss: 0.32519805431365967
train_prcauc: 0.7912726587031818
train_rocauc: 0.9373107671806526
train_loss: 0.18305879610716952
val_prcauc: 0.6251890330356709
val_rocauc: 0.8895663022423586
val_loss: 0.17080074548721313