test_prcauc: 0.22326939845806648
test_rocauc: 0.7737565338995336
test_loss: 0.12182161778220636
train_prcauc: 0.6400631502321682
train_rocauc: 0.947909901748133
train_loss: 0.080669673315424
val_prcauc: 0.2768409118417667
val_rocauc: 0.7594401786767103
val_loss: 0.12514863205730048
