prcauc: 0.4436865498623757
rocauc: 0.8325865728207337 