test_prcauc: 0.43125058189190635
test_rocauc: 0.8376358229488119
test_loss: 0.19268415188592777
train_prcauc: 0.7250919267140358
train_rocauc: 0.9453946797979755
train_loss: 0.14371869723404485
val_prcauc: 0.5160012846112455
val_rocauc: 0.8446569689032369
val_loss: 0.16778019155122803