test_mae: 0.6357139056552025
test_rmse: 0.7980520118979171
test_loss: 0.622228057338394
train_mae: 0.26543103779918914
train_rmse: 0.33451473691007216
train_loss: 0.17730080442769186
val_mae: 0.645092908717337
val_rmse: 0.8226138388509456
val_loss: 0.6837436027915047