test_prcauc: 0.8849340596594975
test_rocauc: 0.8983050847457628
test_loss: 0.46293430030345917
train_prcauc: 0.9890575058641773
train_rocauc: 0.9899427766275593
train_loss: 0.14419565960350963
val_prcauc: 0.8506572062345829
val_rocauc: 0.8936237373737375
val_loss: 0.45255727507174015
