test_prcauc: 0.8788927978601582
test_rocauc: 0.8477789815817984
test_loss: 1.011236997321248
train_prcauc: 0.9973710891174764
train_rocauc: 0.9978734887737478
train_loss: 0.06718731562917431
val_prcauc: 0.5310563345327276
val_rocauc: 0.8283298097251586
val_loss: 0.9093117229640484
