mae: 0.797446608543396
rmse: 1.0221383571624756
