test_mae: 0.7804564237594604
test_rmse: 1.006787657737732
test_loss: 0.7734008207917213
train_mae: 0.22909708321094513
train_rmse: 0.34665560722351074
train_loss: 0.22907865436180777
val_mae: 0.7546789050102234
val_rmse: 0.9632723331451416
val_loss: 0.7489498183131218
