test_mae: 0.7426169478343083
test_rmse: 1.1823919393290883
test_loss: 1.3980506981904022
train_mae: 0.4603597808948585
train_rmse: 0.5904939954091519
train_loss: 0.8093892931938171
val_mae: 0.7582271046960164
val_rmse: 1.2065016125730457
val_loss: 1.4556461411413597