test_prcauc: 0.6562120576006234
test_rocauc: 0.63695987654321
test_loss: 2.0511786256517683
train_prcauc: 0.9999989332452905
train_rocauc: 0.999994423968016
train_loss: 0.020291756550696764
val_prcauc: 0.9432285072826725
val_rocauc: 0.9693318729463308
val_loss: 0.2919602715410292
