test_prcauc: 0.6135476046638357
test_rocauc: 0.5639836268060262
test_loss: 0.5647404789924622
train_prcauc: 0.6777459773925975
train_rocauc: 0.675922347004388
train_loss: 0.5088797875757328
val_prcauc: 0.6332945134664217
val_rocauc: 0.5646560850678924
val_loss: 0.5350937247276306