test_prcauc: 0.13603583011656814
test_rocauc: 0.8160486958083498
test_loss: 0.029160745549157943
train_prcauc: 0.11274726370762281
train_rocauc: 0.8983271861459042
train_loss: 0.016501366286320995
val_prcauc: 0.14433060482355123
val_rocauc: 0.8243660170482734
val_loss: 0.01254270777594406
