test_prcauc: 0.11206461735199152
test_rocauc: 0.7358167351505651
test_loss: 0.014059066024612737
train_prcauc: 0.5117623382654898
train_rocauc: 0.9844264880250906
train_loss: 0.008373997804353528
val_prcauc: 0.08844804788332347
val_rocauc: 0.8101437710603155
val_loss: 0.014515506638381194