test_prcauc: 0.3250240362996456
test_rocauc: 0.7606809710500396
test_loss: 0.12233994829643896
train_prcauc: 0.45081143631849935
train_rocauc: 0.8699640544257914
train_loss: 0.11222465814124376
val_prcauc: 0.34334296415559395
val_rocauc: 0.8217255780913189
val_loss: 0.07973026987030238
