test_prcauc: 0.15545839143671447
test_rocauc: 0.7653952374514764
test_loss: 0.14220907626783147
train_prcauc: 0.742476043781892
train_rocauc: 0.9713028621336034
train_loss: 0.0786210891304068
val_prcauc: 0.27889059405344074
val_rocauc: 0.8100412747403487
val_loss: 0.08545953013441142