test_prcauc: 0.6938368736335296
test_rocauc: 0.8914308869110246
test_loss: 0.18304957449436188
train_prcauc: 0.8096778199387613
train_rocauc: 0.9434838981036711
train_loss: 0.17352832464538756
val_prcauc: 0.6547522848218322
val_rocauc: 0.8539438502673797
val_loss: 0.2151658684015274