test_prcauc: 0.14450268459990379
test_rocauc: 0.7792248633347472
test_loss: 0.01933704113598885
train_prcauc: 0.62651567342757
train_rocauc: 0.9967768283483212
train_loss: 0.036950716602720736
val_prcauc: 0.12452257739422287
val_rocauc: 0.7900740991464724
val_loss: 0.018415016229863298
