test_mae: 0.9211797461045527
test_rmse: 1.1531006466069726
test_loss: 1.3296411012054183
train_mae: 0.2498434890397844
train_rmse: 0.3323297206190273
train_loss: 0.22852017357945442
val_mae: 0.8342632606514788
val_rmse: 1.015378905824433
val_loss: 1.0309943223932223