test_prcauc: 0.017903490533066772
test_rocauc: 0.6514519343846934
test_loss: 0.05875201224118822
train_prcauc: 1.0
train_rocauc: 1.0
train_loss: 6.985423786271872e-06
val_prcauc: 0.08298039365515456
val_rocauc: 0.644074121929269
val_loss: 0.04970848994996319
