test_prcauc: 0.6477900927732164
test_rocauc: 0.7712378102836879
test_loss: 0.22950473427772522
train_prcauc: 0.9055514465551229
train_rocauc: 0.9812006879939696
train_loss: 0.12323775447239138
val_prcauc: 0.571668648452232
val_rocauc: 0.6946713535161189
val_loss: 0.2792898938059807