prcauc: 0.6584162506714801
rocauc: 0.7692775614235055 