test_prcauc: 0.5314123293487961
test_rocauc: 0.5717048100649915
test_loss: 0.9718782305717468
train_prcauc: 1.0
train_rocauc: 1.0
train_loss: 0.013043535023645376
val_prcauc: 0.5620548828306586
val_rocauc: 0.8552652746314717
val_loss: 0.20258758962154388