test_prcauc: 0.6153962159035724
test_rocauc: 0.5801612619365828
test_loss: 0.5779899954795837
train_prcauc: 0.8459793841817342
train_rocauc: 0.8846944166685448
train_loss: 0.3783415809641995
val_prcauc: 0.6605852178687315
val_rocauc: 0.6311737953831773
val_loss: 0.5185456871986389