prcauc: 0.19889446916177325
rocauc: 0.7648235771258618
