test_prcauc: 0.03990267516091035
test_rocauc: 0.6714375534300981
test_loss: 0.01693255160355477
train_prcauc: 0.08138424024376736
train_rocauc: 0.876504272583893
train_loss: 0.012338748185461722
val_prcauc: 0.051134339038260826
val_rocauc: 0.8028022637759905
val_loss: 0.015086785088513088