prcauc: 0.1766712966786816
rocauc: 0.7250835280712258 