test_prcauc: 0.2240853465440874
test_rocauc: 0.7400915429034935
test_loss: 0.14066532522659092
train_prcauc: 0.7781034588504884
train_rocauc: 0.9705542373569467
train_loss: 0.0828571142712001
val_prcauc: 0.3625516173382604
val_rocauc: 0.820770257691554
val_loss: 0.07987762198728673