test_mae: 1.0608580112457275
test_rmse: 1.4418842792510986
test_loss: 1.0538953095674515
train_mae: 0.29856395721435547
train_rmse: 0.3493618667125702
train_loss: 0.30307530683855854
val_mae: 0.8857361674308777
val_rmse: 1.2082533836364746
val_loss: 0.8792813271284103
