test_mae: 0.5746974299092378
test_rmse: 0.7390734212637753
test_loss: 0.5372369929994024
train_mae: 0.2869567201512732
train_rmse: 0.36787592233577904
train_loss: 0.26820898056030273
val_mae: 0.5894788678508429
val_rmse: 0.7596615522814908
val_loss: 0.57414324397975