test_prcauc: 0.6722149278519107
test_rocauc: 0.6995305164319248
test_loss: 0.9275075197219849
train_prcauc: 0.9881152889523984
train_rocauc: 0.9930593607305935
train_loss: 0.303755973713055
val_prcauc: 0.9324437280538596
val_rocauc: 0.6967032967032967
val_loss: 1.048087239265442