prcauc: 0.37094532538639857
rocauc: 0.7417807061023044 