mae: 0.9509099125862122
rmse: 12.18967342376709
