test_mae: 0.43410345911979675
test_rmse: 0.6304430961608887
test_loss: 0.4341034860838027
train_mae: 0.13808293640613556
train_rmse: 0.19680029153823853
train_loss: 0.1380829386108992
val_mae: 0.4066951870918274
val_rmse: 0.5791592597961426
val_loss: 0.4066952168941498
