test_mae: 0.8955431580543518
test_rmse: 12.50133228302002
test_loss: 0.8955432446230025
train_mae: 0.12625128030776978
train_rmse: 0.18818821012973785
train_loss: 0.12625128266458607
val_mae: 0.4039403796195984
val_rmse: 0.5774253010749817
val_loss: 0.4039403980686551
