test_prcauc: 0.35575569304982557
test_rocauc: 0.7927871245828698
test_loss: 0.21567579569207315
train_prcauc: 0.7442039163782103
train_rocauc: 0.9829081166683222
train_loss: 0.07530272911738269
val_prcauc: 0.3765141121652171
val_rocauc: 0.8256506545486559
val_loss: 0.18021661681890744
