mae: 1.491015076637268
rmse: 1.989707112312317
