test_mae: 1.7285877466201782
test_rmse: 2.3690669536590576
test_loss: 1.614615559577942
train_mae: 0.2769745886325836
train_rmse: 0.45962992310523987
train_loss: 0.2769309848546982
val_mae: 0.8091576099395752
val_rmse: 1.0547404289245605
val_loss: 0.7232591907183329
