test_prcauc: 0.5815027093513123
test_rocauc: 0.5852895148669797
test_loss: 0.8241783976554871
train_prcauc: 0.641971941407643
train_rocauc: 0.7531877853881277
train_loss: 0.6426270539187323
val_prcauc: 0.9309761342237701
val_rocauc: 0.7124542124542125
val_loss: 1.0692024230957031