test_mae: 0.5671153664588928
test_rmse: 0.7714454531669617
test_loss: 0.567115381360054
train_mae: 0.2719055116176605
train_rmse: 0.9624038934707642
train_loss: 0.27190551960042547
val_mae: 0.5413234829902649
val_rmse: 0.7204254269599915
val_loss: 0.541323513856956
