test_prcauc: 0.42022381624290456
test_rocauc: 0.7451388907204075
test_loss: 0.20532856791697698
train_prcauc: 0.6017883018607877
train_rocauc: 0.892960546831117
train_loss: 0.14112645357327405
val_prcauc: 0.4198584942013056
val_rocauc: 0.7367866729949322
val_loss: 0.20618034828582715
