prcauc: 0.3564060830017242
rocauc: 0.6715217501631107
