test_prcauc: 0.36542214520278027
test_rocauc: 0.6725545482806982
test_loss: 0.306864683484209
train_prcauc: 0.5905232930613462
train_rocauc: 0.8875737786330231
train_loss: 0.1450043492279459
val_prcauc: 0.43542930704400057
val_rocauc: 0.7183455084360826
val_loss: 0.24992547826520328
