test_prcauc: 0.138445036099948
test_rocauc: 0.7293478050947295
test_loss: 0.19958202409393647
train_prcauc: 0.9339937642542263
train_rocauc: 0.9943952523525608
train_loss: 0.05101065101441532
val_prcauc: 0.3665455617802773
val_rocauc: 0.8410187634724673
val_loss: 0.10940027390332784