test_mae: 3.151029928606004
test_rmse: 3.666010078249741
test_loss: 13.43962989382867
train_mae: 0.5781801884264162
train_rmse: 0.7506236402677868
train_loss: 1.3031777739524841
val_mae: 2.721012226305902
val_rmse: 3.5600928461854897
val_loss: 12.674261073461102