test_prcauc: 0.13362722284055642
test_rocauc: 0.7322791976218425
test_loss: 0.018060171297866023
train_prcauc: 0.7942087594523173
train_rocauc: 0.9985112758728637
train_loss: 0.0056729810789268925
val_prcauc: 0.09867580334487712
val_rocauc: 0.8612100141317249
val_loss: 0.012875523275446813