test_prcauc: 0.906716789000938
test_rocauc: 0.8345070422535211
test_loss: 0.8010832071304321
train_prcauc: 0.9376125602780572
train_rocauc: 0.950579303396661
train_loss: 0.3106858853905994
val_prcauc: 0.43248259902574204
val_rocauc: 0.7613107822410148
val_loss: 0.6054928302764893