test_mae: 1.0446537976433747
test_rmse: 1.3353781655092685
test_loss: 1.7832348449188995
train_mae: 0.4099232525778201
train_rmse: 0.5205336810043979
train_loss: 0.623228907585144
val_mae: 1.1087985473428152
val_rmse: 1.3288072008251433
val_loss: 1.7657285769647524