test_mae: 0.5685586333274841
test_rmse: 1.3136705160140991
test_loss: 0.5532672256231308
train_mae: 0.4100964069366455
train_rmse: 1.1036243438720703
train_loss: 0.40752783638459666
val_mae: 0.5104351043701172
val_rmse: 0.727351725101471
val_loss: 0.5153018534183502
