test_prcauc: 0.9735608614584838
test_rocauc: 0.9206751054852321
test_loss: 0.43285641074180603
train_prcauc: 0.9992930745672713
train_rocauc: 0.9976825854238459
train_loss: 0.10940395868625308
val_prcauc: 0.9576987833801494
val_rocauc: 0.9016521739130434
val_loss: 0.4579872786998749