test_mae: 1.0207028424222913
test_rmse: 1.2703626576693876
test_loss: 1.6138212820008295
train_mae: 0.3653721066685714
train_rmse: 0.4781401354195127
train_loss: 0.2762584909796715
val_mae: 0.8807636154731817
val_rmse: 1.0562328202095588
val_loss: 1.115627770487838