test_prcauc: 0.4190445779163228
test_rocauc: 0.7500350033756785
test_OGBNanLabelloss: 0.2040898186522861
train_prcauc: 0.5057352189260057
train_rocauc: 0.8405710227486904
train_OGBNanLabelloss: 0.16816529313760314
val_prcauc: 0.4006584956355785
val_rocauc: 0.739248959324356
val_OGBNanLabelloss: 0.20409764886595483
