prcauc: 0.9623557091313331
rocauc: 0.8988830099941212
