test_prcauc: 0.9783499225146086
test_rocauc: 0.9262198706643151
test_loss: 0.36915681032197817
train_prcauc: 0.998876749036899
train_rocauc: 0.9960124188257348
train_loss: 0.06980453403666616
val_prcauc: 0.9824455006807833
val_rocauc: 0.9518518518518518
val_loss: 0.3201721789581435
