mae: 1.7645617723464966
rmse: 2.420137405395508
