test_mae: 0.4605050026839532
test_rmse: 0.6164941385215409
test_loss: 0.39913083675374594
train_mae: 0.3394226467212928
train_rmse: 0.43654738180544495
train_loss: 0.2308760370526995
val_mae: 0.5257672238492169
val_rmse: 0.7021981176022895
val_loss: 0.5040581490238996