prcauc: 0.7017511677241383
rocauc: 0.681905864197531 