test_prcauc: 0.6255749774803527
test_rocauc: 0.5956752088810341
test_loss: 0.5829793479707506
train_prcauc: 0.8137413548829124
train_rocauc: 0.8700078612599285
train_loss: 0.34964161228250573
val_prcauc: 0.6531877722247411
val_rocauc: 0.6065718607120117
val_loss: 0.579765839709176
