test_prcauc: 0.332313367468098
test_rocauc: 0.7392004304389715
test_loss: 0.2805818246220612
train_prcauc: 0.5929149421102513
train_rocauc: 0.8996341881585197
train_loss: 0.1541248514625576
val_prcauc: 0.3469805186520271
val_rocauc: 0.7577220042547733
val_loss: 0.2714885435764892