test_prcauc: 0.41435460906218957
test_rocauc: 0.7379083288188907
test_loss: 0.21261789713264376
train_prcauc: 0.5344313252938716
train_rocauc: 0.8670079649177762
train_loss: 0.1805930221005299
val_prcauc: 0.39296250843578695
val_rocauc: 0.7197412196165994
val_loss: 0.21011671572537463