test_prcauc: 0.3588069019508483
test_rocauc: 0.6534294366583111
test_loss: 0.29966756495936164
train_prcauc: 0.521837932515861
train_rocauc: 0.8479118295364787
train_loss: 0.15653427185970623
val_prcauc: 0.4026091836189579
val_rocauc: 0.7023357415079149
val_loss: 0.25173449619063015
