test_prcauc: 0.7138497810710089
test_rocauc: 0.673611111111111
test_loss: 1.2124695777893066
train_prcauc: 0.9823300902234638
train_rocauc: 0.9324945295404815
train_loss: 0.2748957980528765
val_prcauc: 0.8718476495594545
val_rocauc: 0.9254240690555053
val_loss: 0.4216487407684326