test_prcauc: 0.35917825864226927
test_rocauc: 0.6469237353483833
test_loss: 0.34219513216923025
train_prcauc: 0.6421931701723091
train_rocauc: 0.9069803946943196
train_loss: 0.12280903138448057
val_prcauc: 0.39436577239248294
val_rocauc: 0.6888118549133515
val_loss: 0.28620333558526534
