mean_pred: -3.5441455841064453
std_pred: 5.2132344245910645
mean_targets: -3.7976016998291016
std_targets: 2.129075765609741
mae: 1.0949145555496216
rmse: 4.442724227905273
ogbg-molesol: 4.442724704742432
L1Loss: 1.0680194944143295
