test_prcauc: 0.3209141421497944
test_rocauc: 0.6257766972684046
test_loss: 0.3816380138568762
train_prcauc: 0.6543822633403767
train_rocauc: 0.9205649806941489
train_loss: 0.14398863660365022
val_prcauc: 0.3412459809484082
val_rocauc: 0.6322531625489961
val_loss: 0.2978675709870674