prcauc: 0.1904236314653186
rocauc: 0.7935919967554415
