test_prcauc: 0.5017176515258638
test_rocauc: 0.48411575087755887
test_loss: 0.5498884320259094
train_prcauc: 0.6603532560221224
train_rocauc: 0.8056201526052981
train_loss: 0.4273277373921302
val_prcauc: 0.5507491859313665
val_rocauc: 0.8047325913523097
val_loss: 0.46191108226776123