test_mae: 0.9270755604373669
test_rmse: 1.1720716560305455
test_loss: 1.3737519668701854
train_mae: 0.2649722319791439
train_rmse: 0.36237228914149194
train_loss: 0.31889402493834496
val_mae: 0.8525374518295307
val_rmse: 1.0446630737049274
val_loss: 1.0913209375626265