mae: 0.8868893491536116
rmse: 1.1666925715300858 