test_prcauc: 0.04731614599714135
test_rocauc: 0.709690796313831
test_loss: 0.015395168409058246
train_prcauc: 0.1426430521734378
train_rocauc: 0.9134657010710088
train_loss: 0.011547044637116904
val_prcauc: 0.030262799099175293
val_rocauc: 0.7743861471529732
val_loss: 0.015941520036320773