test_prcauc: 0.6315212666467516
test_rocauc: 0.6133959512627501
test_loss: 0.6379543244838715
train_prcauc: 0.8487286306197717
train_rocauc: 0.8838376732356013
train_loss: 0.3651034935069602
val_prcauc: 0.6684490437495415
val_rocauc: 0.6473326195100606
val_loss: 0.6142727732658386