test_prcauc: 0.0994620791860372
test_rocauc: 0.7429479396758117
test_loss: 0.04412975760578701
train_prcauc: 0.16564125503361082
train_rocauc: 0.9147195052241027
train_loss: 0.014187451067774368
val_prcauc: 0.06127091110711054
val_rocauc: 0.7813454082299635
val_loss: 0.042853788839110986
