prcauc: 0.702603049716488
rocauc: 0.6783371913580246 