test_prcauc: 0.10500532629993742
test_rocauc: 0.7437061829394137
test_loss: 0.013951596643885815
train_prcauc: 0.11663221419619041
train_rocauc: 0.8826065839194147
train_loss: 0.011399415276889514
val_prcauc: 0.07222866437993372
val_rocauc: 0.7808198264329224
val_loss: 0.014924557820499871