test_prcauc: 0.3263648793054054
test_rocauc: 0.62715392223881
test_loss: 0.37704681982361443
train_prcauc: 0.6094124290666222
train_rocauc: 0.900573695647785
train_loss: 0.15329809577542092
val_prcauc: 0.35348048270786314
val_rocauc: 0.6380213875215839
val_loss: 0.2960758653445595