test_mae: 2.7050280570983887
test_rmse: 3.861259698867798
test_loss: 2.7214746475219727
train_mae: 0.2117285579442978
train_rmse: 0.44615718722343445
train_loss: 0.2114662344639118
val_mae: 0.9084943532943726
val_rmse: 1.141748309135437
val_loss: 0.8285165429115295
