test_prcauc: 0.4093595932288423
test_rocauc: 0.7304028805399357
test_loss: 0.20872344005640844
train_prcauc: 0.500378944264864
train_rocauc: 0.8424614806777984
train_loss: 0.18961378610233767
val_prcauc: 0.3844061894543174
val_rocauc: 0.7151819493341551
val_loss: 0.20939489397354377