test_mae: 0.7420677715998429
test_rmse: 1.0918906194570526
test_loss: 1.1922251248583062
train_mae: 0.5707367027645708
train_rmse: 0.7184108878191523
train_loss: 1.0301813185214996
val_mae: 0.7603221260365988
val_rmse: 1.2106887669944684
val_loss: 1.465767290526586