test_mae: 0.6310991827020076
test_rmse: 0.8516452073378932
test_loss: 0.7252995591816029
train_mae: 0.3761481049733578
train_rmse: 0.474200128459941
train_loss: 0.4249456524848938
val_mae: 0.5710339170318179
val_rmse: 0.7294321383709236
val_loss: 0.5320712444883781