test_mae: 2.898637056350708
test_rmse: 4.1250834465026855
test_loss: 2.9267045855522156
train_mae: 0.30695652961730957
train_rmse: 0.45917198061943054
train_loss: 0.30677539568680984
val_mae: 0.8033502697944641
val_rmse: 1.0246269702911377
val_loss: 0.7321942746639252
