test_prcauc: 0.4511525920946669
test_rocauc: 0.8248948496484658
test_loss: 0.1833673921641238
train_prcauc: 0.6974509624454712
train_rocauc: 0.9373453998133531
train_loss: 0.1522443826590133
val_prcauc: 0.4842081205416647
val_rocauc: 0.8311066901453142
val_loss: 0.17135362485254835