test_prcauc: 0.48797170834382764
test_rocauc: 0.853259646064135
test_loss: 0.1052069497459075
train_prcauc: 0.5872631041942662
train_rocauc: 0.9266219172646858
train_loss: 0.09495249200837724
val_prcauc: 0.4389206576935749
val_rocauc: 0.8359030739983121
val_loss: 0.12531184317434535