prcauc: 0.473297575143365
rocauc: 0.8512182943033421 