test_prcauc: 0.6264340834285053
test_rocauc: 0.6003334620644841
test_loss: 0.5865963697433472
train_prcauc: 0.8487941139848247
train_rocauc: 0.8912226364985556
train_loss: 0.3740652095353399
val_prcauc: 0.6561304914512994
val_rocauc: 0.5876389482648776
val_loss: 0.5885528922080994