test_prcauc: 0.6272466081309763
test_rocauc: 0.5871637450218812
test_OGBNanLabelloss: 0.6138562228944566
train_prcauc: 0.8566197178952938
train_rocauc: 0.9096770982215452
train_OGBNanLabelloss: 0.3028432848276915
val_prcauc: 0.6690148151564007
val_rocauc: 0.6153599822952467
val_OGBNanLabelloss: 0.5991208189063602
