test_prcauc: 0.6061597907322216
test_rocauc: 0.5824239085008412
test_OGBNanLabelloss: 0.6852640509605408
train_prcauc: 0.7426119875568566
train_rocauc: 0.7939277035110488
train_OGBNanLabelloss: 0.4332018056884408
val_prcauc: 0.6620465379114268
val_rocauc: 0.622139635492068
val_OGBNanLabelloss: 0.49952615584645954
