prcauc: 0.8262490904517634
rocauc: 0.8288993218570683 