test_prcauc: 0.641850824367775
test_rocauc: 0.6304651989173725
test_loss: 0.5355888247489929
train_prcauc: 0.759859201849237
train_rocauc: 0.8067419976258734
train_loss: 0.4252566264735328
val_prcauc: 0.7064606300806114
val_rocauc: 0.6673399839460039
val_loss: 0.4894617676734924
