test_prcauc: 0.015203041475022867
test_rocauc: 0.6287348155360336
test_loss: 0.0537005332584936
train_prcauc: 0.03688413911876854
train_rocauc: 0.822408623970013
train_loss: 0.012127301259496783
val_prcauc: 0.06369039628966021
val_rocauc: 0.7304230915109008
val_loss: 0.026071354604106832
