test_prcauc: 0.6184268393833812
test_rocauc: 0.7450517846592292
test_loss: 0.3188331626355648
train_prcauc: 0.9980171995852944
train_rocauc: 0.999725506138115
train_loss: 0.014754025847651064
val_prcauc: 0.7916484761410671
val_rocauc: 0.975900390689123
val_loss: 0.12049522679299116
