test_prcauc: 0.13094100038409157
test_rocauc: 0.7455611877528422
test_loss: 0.020093324347558703
train_prcauc: 0.8960816112247434
train_rocauc: 0.9995376397132558
train_loss: 0.004786842211848781
val_prcauc: 0.07343421574917475
val_rocauc: 0.8592258214655571
val_loss: 0.01555149795677508