mae: 0.4820455598381777
rmse: 0.6342286057946022 