test_mae: 0.4837093616499314
test_rmse: 0.6370870192575037
test_loss: 0.42540507983480014
train_mae: 0.3159274800532833
train_rmse: 0.40438402952557495
train_loss: 0.22658945495883623
val_mae: 0.468121129056764
val_rmse: 0.6554316535992218
val_loss: 0.4509860253237134