test_mae: 0.5569882209574475
test_rmse: 0.7634295093652256
test_loss: 0.582824615769629
train_mae: 0.4383865465655318
train_rmse: 0.5762719649365282
train_loss: 0.6356080621480942
val_mae: 0.5349266685109872
val_rmse: 0.6978083607892034
val_loss: 0.48693650838731495