prcauc: 0.7282535977782153
rocauc: 0.8813980549604673
