test_prcauc: 0.6945097233398246
test_rocauc: 0.8327341149715541
test_OGBNanLabelloss: 0.2434263437986374
train_prcauc: 0.9624576416273924
train_rocauc: 0.9969427750227553
train_OGBNanLabelloss: 0.0600968060704569
val_prcauc: 0.7276205028183429
val_rocauc: 0.8911452549217567
val_OGBNanLabelloss: 0.14716029539704323
