test_prcauc: 0.6866220750846259
test_rocauc: 0.634837962962963
test_loss: 1.2862437963485718
train_prcauc: 0.9705160764725473
train_rocauc: 0.8821592885597263
train_loss: 0.3220425366135299
val_prcauc: 0.8367538717958392
val_rocauc: 0.9132791327913279
val_loss: 0.4763481318950653