test_prcauc: 0.44196596432028945
test_rocauc: 0.8443274626133026
test_loss: 0.12430793003124349
train_prcauc: 0.7731616221909676
train_rocauc: 0.9784946742647612
train_loss: 0.07240280329495254
val_prcauc: 0.41509300295547047
val_rocauc: 0.8314472123995933
val_loss: 0.1360873384949039