test_prcauc: 0.6295545717181393
test_rocauc: 0.611679584025295
test_OGBNanLabelloss: 0.5188309252262115
train_prcauc: 0.7479544674938826
train_rocauc: 0.7922823837957644
train_OGBNanLabelloss: 0.42531934659928083
val_prcauc: 0.6610035119328459
val_rocauc: 0.6146651993473476
val_OGBNanLabelloss: 0.4917731540543692
