prcauc: 0.6377692113524867
rocauc: 0.6103482928046623
