test_prcauc: 0.32797432727045384
test_rocauc: 0.6241289852269019
test_loss: 0.38235734652446185
train_prcauc: 0.6809871828346977
train_rocauc: 0.9344075058500726
train_loss: 0.1406354556773888
val_prcauc: 0.3672466220906557
val_rocauc: 0.6544347271368193
val_loss: 0.313851089473416