test_prcauc: 0.06503064397790906
test_rocauc: 0.6406841024340828
test_loss: 0.06822253163361226
train_prcauc: 0.390512903233593
train_rocauc: 0.997664206680249
train_loss: 0.17414359176097818
val_prcauc: 0.10424764852332133
val_rocauc: 0.7202297009197861
val_loss: 0.0336604649329476
