test_prcauc: 0.8674166853210763
test_rocauc: 0.878945731612502
test_loss: 0.491865873336792
train_prcauc: 0.9626034530014013
train_rocauc: 0.9708167989417988
train_loss: 0.26103803308473694
val_prcauc: 0.8361971005648967
val_rocauc: 0.8939393939393939
val_loss: 0.4554106555879116
