mae: 0.6930422158404475
rmse: 0.8738867165707448 