test_mae: 0.7126067280769348
test_rmse: 0.9115738272666931
test_loss: 0.7142763435840607
train_mae: 0.29457345604896545
train_rmse: 0.3659399449825287
train_loss: 0.29199041426181793
val_mae: 0.7325180768966675
val_rmse: 0.9599665999412537
val_loss: 0.7241567820310593
