prcauc: 0.38094915966840354
rocauc: 0.7639861569886884 