test_mae: 0.41654717922210693
test_rmse: 0.5906375646591187
test_loss: 0.41654719199453083
train_mae: 0.21156169474124908
train_rmse: 0.2886313796043396
train_loss: 0.21156170796983095
val_mae: 0.4171195924282074
val_rmse: 0.5836922526359558
val_loss: 0.41711959810484023
