test_prcauc: 0.6196859444018353
test_rocauc: 0.60691150916269
test_loss: 0.5591263771057129
train_prcauc: 0.7705270388884159
train_rocauc: 0.810909094225726
train_loss: 0.4251926300282297
val_prcauc: 0.6776290890844665
val_rocauc: 0.661185438651903
val_loss: 0.482696071267128