test_prcauc: 0.622997786382757
test_rocauc: 0.569889394032445
test_loss: 0.6324491500854492
train_prcauc: 0.8732886400185138
train_rocauc: 0.9101069778664379
train_loss: 0.35380736134359647
val_prcauc: 0.6853105448243029
val_rocauc: 0.6431561570679828
val_loss: 0.5376931428909302