test_prcauc: 0.32527683598531404
test_rocauc: 0.6335897065878546
test_loss: 0.34001758402170057
train_prcauc: 0.6270819517423398
train_rocauc: 0.9104726604672216
train_loss: 0.14700776248753658
val_prcauc: 0.3555871021846816
val_rocauc: 0.6483985574192451
val_loss: 0.2938781248651955