prcauc: 0.32654103492651815
rocauc: 0.6282480623277837 