test_prcauc: 0.29396531372615897
test_rocauc: 0.6132593819955877
test_loss: 0.2868647623908507
train_prcauc: 0.4831336792491536
train_rocauc: 0.8357475415921705
train_loss: 0.17314098156937333
val_prcauc: 0.3457746098472058
val_rocauc: 0.6516249915145799
val_loss: 0.2804217580115489