test_mae: 0.5872712731361389
test_rmse: 0.7592917680740356
test_loss: 0.5872712624924523
train_mae: 0.09685692936182022
train_rmse: 0.12414675205945969
train_loss: 0.09685693109141928
val_mae: 0.5464357733726501
val_rmse: 0.702501118183136
val_loss: 0.5464357606002263
