mae: 1.7598278522491455
rmse: 2.758249044418335
