test_mae: 3.312180995941162
test_rmse: 4.601086139678955
test_loss: 3.369357407093048
train_mae: 0.2881074547767639
train_rmse: 0.4820583164691925
train_loss: 0.28827062478432286
val_mae: 0.8085663318634033
val_rmse: 0.9888904094696045
val_loss: 0.7305279771486918
