test_mae: 0.6311903595924377
test_rmse: 0.8050262928009033
test_loss: 0.6311903744935989
train_mae: 0.09307742863893509
train_rmse: 0.12095827609300613
train_loss: 0.09307743339533252
val_mae: 0.5941377282142639
val_rmse: 0.7566223740577698
val_loss: 0.5941377537591117
