test_mae: 0.4797269105911255
test_rmse: 0.6294620633125305
test_loss: 0.47972692974976133
train_mae: 0.3675975501537323
train_rmse: 0.5012529492378235
train_loss: 0.367597522081009
val_mae: 0.4772118628025055
val_rmse: 0.6655012369155884
val_loss: 0.4772118628025055
