test_prcauc: 0.248642302525522
test_rocauc: 0.7743832766280386
test_loss: 0.1019861711125857
train_prcauc: 0.5518571752904287
train_rocauc: 0.9119111723590891
train_loss: 0.09501498191966676
val_prcauc: 0.3159316382263242
val_rocauc: 0.7704115252027106
val_loss: 0.11703378100680567
