test_prcauc: 0.2417898012475858
test_rocauc: 0.7540122443461635
test_loss: 0.14427473818532366
train_prcauc: 0.7219494756787904
train_rocauc: 0.9784928868535866
train_loss: 0.06379485102442543
val_prcauc: 0.3154579043165451
val_rocauc: 0.8469864540466393
val_loss: 0.08088434121885296
