test_prcauc: 0.8723988154987653
test_rocauc: 0.8373058866016613
test_loss: 0.9906322928145528
train_prcauc: 0.9992159817471844
train_rocauc: 0.9993559297639608
train_loss: 0.05471165928368767
val_prcauc: 0.5301574281226626
val_rocauc: 0.8263213530655391
val_loss: 0.6876499131321907
