test_mae: 0.585257458332039
test_rmse: 0.7437271377888016
test_loss: 0.555487574940741
train_mae: 0.3872914684073252
train_rmse: 0.49981712383430993
train_loss: 0.3152317429582278
val_mae: 0.5883217178289852
val_rmse: 0.7866327537146018
val_loss: 0.6424827015043894