test_prcauc: 0.6995309609442806
test_rocauc: 0.7523908885411232
test_loss: 1.897436499595642
train_prcauc: 1.0
train_rocauc: 1.0
train_loss: 0.07641097427721062
val_prcauc: 0.9316684760953784
val_rocauc: 0.6871794871794872
val_loss: 3.4629099369049072