test_mae: 0.4727577814538228
test_rmse: 0.6422091259628658
test_loss: 0.412432561469988
train_mae: 0.3229035212967491
train_rmse: 0.43692351086899717
train_loss: 0.3236103802919388
val_mae: 0.4321617617553898
val_rmse: 0.5761772151339511
val_loss: 0.33198018323951534