test_mae: 2.793992280960083
test_rmse: 3.4710030555725098
test_loss: 2.8266356786092124
train_mae: 1.0346366167068481
train_rmse: 1.3115017414093018
train_loss: 1.0393151177300348
val_mae: 2.5980052947998047
val_rmse: 3.5589370727539062
val_loss: 2.3253674507141113
