test_prcauc: 0.05932639289146005
test_rocauc: 0.7804489404618684
test_loss: 0.01216230778572022
train_prcauc: 0.18254275863531672
train_rocauc: 0.9000513465061362
train_loss: 0.012056248679304693
val_prcauc: 0.09083696279730358
val_rocauc: 0.7655167367660605
val_loss: 0.013245058884511385