test_mae: 0.5176540017127991
test_rmse: 0.711060643196106
test_loss: 0.5176539942622185
train_mae: 0.18955105543136597
train_rmse: 0.4676576554775238
train_loss: 0.18955106226106486
val_mae: 0.531594455242157
val_rmse: 0.7400730848312378
val_loss: 0.5315944573708943
