test_prcauc: 0.05319076787282286
test_rocauc: 0.6803861660871355
test_loss: 0.015074956685868175
train_prcauc: 0.058004670897999724
train_rocauc: 0.8348231322219436
train_loss: 0.012932065645040791
val_prcauc: 0.09475654384032899
val_rocauc: 0.7676330863772386
val_loss: 0.013422635231708393