test_mae: 1.561820387840271
test_rmse: 2.106043577194214
test_loss: 1.3569680054982503
train_mae: 0.7526804208755493
train_rmse: 0.9666206240653992
train_loss: 0.7462563051117791
val_mae: 1.88457190990448
val_rmse: 2.9096174240112305
val_loss: 1.6030893325805664
