mae: 0.7174835205078125
rmse: 3.906381607055664
