test_prcauc: 0.6158948577476873
test_rocauc: 0.6020065695783112
test_loss: 0.6992303431034088
train_prcauc: 0.8301495859534791
train_rocauc: 0.8734881947235912
train_loss: 0.3785709653802373
val_prcauc: 0.6685693944324184
val_rocauc: 0.6410931110119137
val_loss: 0.523846760392189