test_prcauc: 0.8611799065771892
test_rocauc: 0.8023387595301875
test_loss: 0.843954826620492
train_prcauc: 0.9450319593617389
train_rocauc: 0.9536466695859487
train_loss: 0.48024013277984434
val_prcauc: 0.424562983547528
val_rocauc: 0.8314796425024826
val_loss: 1.031002156775106
