test_prcauc: 0.3671587573206432
test_rocauc: 0.654220010021752
test_loss: 0.3136032845439582
train_prcauc: 0.6083610490812714
train_rocauc: 0.89487128165103
train_loss: 0.13000576429101576
val_prcauc: 0.3953429202766914
val_rocauc: 0.692352680248093
val_loss: 0.26405315666363155
