test_mae: 2.710167407989502
test_rmse: 3.811847686767578
test_loss: 2.3401273488998413
train_mae: 0.31979838013648987
train_rmse: 0.5092758536338806
train_loss: 0.31577757166491616
val_mae: 2.1305394172668457
val_rmse: 3.182762384414673
val_loss: 1.9275496006011963
