test_mae: 0.6632600426673889
test_rmse: 0.8447132110595703
test_loss: 0.663260063954762
train_mae: 0.1323392242193222
train_rmse: 0.17110750079154968
train_loss: 0.13233922634805953
val_mae: 0.6150049567222595
val_rmse: 0.7625579833984375
val_loss: 0.6150049822671073
