test_prcauc: 0.3198303679769854
test_rocauc: 0.6240950523289985
test_loss: 0.32362835017073294
train_prcauc: 0.5305809223966031
train_rocauc: 0.8602954477173795
train_loss: 0.17104169629120222
val_prcauc: 0.34640040310869313
val_rocauc: 0.638575672846406
val_loss: 0.2834169685789022