test_prcauc: 0.7729981526643418
test_rocauc: 0.846684350132626
test_loss: 0.6918419301509857
train_prcauc: 0.9784942813559967
train_rocauc: 0.9816341829085458
train_loss: 0.21453158980732726
val_prcauc: 0.8306333939844871
val_rocauc: 0.8452929558920342
val_loss: 0.6955011785030365