prcauc: 0.7769971143574447
rocauc: 0.849292661361627 