test_prcauc: 0.6237874221562093
test_rocauc: 0.5942855913013726
test_loss: 8.159096217155456
train_prcauc: 0.8804000465298089
train_rocauc: 0.9253578469723676
train_loss: 0.2858731254107422
val_prcauc: 0.6437546958426454
val_rocauc: 0.5988215522128034
val_loss: 3.9961497664451597
