test_mae: 0.7961682677268982
test_rmse: 1.0041218996047974
test_loss: 0.7961682890142713
train_mae: 0.5540943741798401
train_rmse: 0.7150905728340149
train_loss: 0.5540944085057292
val_mae: 0.7577548623085022
val_rmse: 0.9495341181755066
val_loss: 0.7577547771590096
