test_prcauc: 0.36321822745593646
test_rocauc: 0.6650089801996167
test_loss: 0.32661300178231867
train_prcauc: 0.5790033366308581
train_rocauc: 0.8794056336211001
train_loss: 0.13413146186994152
val_prcauc: 0.37975449255037275
val_rocauc: 0.6773410429638356
val_loss: 0.2850465548449549
