test_prcauc: 0.6944191166790038
test_rocauc: 0.8196541141340411
test_OGBNanLabelloss: 0.2654176622629166
train_prcauc: 0.967333980832505
train_rocauc: 0.9968184269524645
train_OGBNanLabelloss: 0.04934051379095763
val_prcauc: 0.8191409563878672
val_rocauc: 0.9415188437485306
val_OGBNanLabelloss: 0.18256385512650014
