prcauc: 0.6397549935984277
rocauc: 0.7410875734666793
