test_prcauc: 0.37750279943030535
test_rocauc: 0.7550649410006857
test_loss: 0.2357987373794861
train_prcauc: 0.6645570339490314
train_rocauc: 0.9312742255220984
train_loss: 0.14264573047507684
val_prcauc: 0.37937014903330274
val_rocauc: 0.7936514536139753
val_loss: 0.27485421170445945