test_mae: 0.41066044569015503
test_rmse: 0.5559595823287964
test_loss: 0.4106604733637401
train_mae: 0.2526329457759857
train_rmse: 0.3718053996562958
train_loss: 0.2526329586814557
val_mae: 0.42332834005355835
val_rmse: 0.6286493539810181
val_loss: 0.42332833047424046
