test_prcauc: 0.7520956938695897
test_rocauc: 0.7078510802469137
test_loss: 1.316438913345337
train_prcauc: 0.9942034534018609
train_rocauc: 0.9763998765639903
train_loss: 0.15427495271541117
val_prcauc: 0.9301346657272509
val_rocauc: 0.9434909163906453
val_loss: 0.41762489080429077