test_prcauc: 0.48147263737350454
test_rocauc: 0.8522899678967458
test_loss: 0.18948903065174819
train_prcauc: 0.5913212384671851
train_rocauc: 0.9114561151314177
train_loss: 0.15181518655494264
val_prcauc: 0.45769405126815416
val_rocauc: 0.8424309462900118
val_loss: 0.19320203363895416
