test_mae: 0.951719529540138
test_rmse: 1.1877368023530988
test_loss: 1.4107187116639641
train_mae: 0.32511831941522584
train_rmse: 0.40528062958089434
train_loss: 0.31885434687137604
val_mae: 0.8928106332590096
val_rmse: 1.1174103969989326
val_loss: 1.248605995321312