test_prcauc: 0.635588591069225
test_rocauc: 0.5931173859837552
test_loss: 0.5511919472898755
train_prcauc: 0.7945463794650605
train_rocauc: 0.8413903352635236
train_loss: 0.38216058257967234
val_prcauc: 0.6684562937304132
val_rocauc: 0.620118911398397
val_loss: 0.5048502215317318
