test_prcauc: 0.1372070546713361
test_rocauc: 0.741357679401519
test_loss: 0.020620613860915005
train_prcauc: 0.9046215486930841
train_rocauc: 0.9994311610662971
train_loss: 0.00395656766693132
val_prcauc: 0.13831030761491578
val_rocauc: 0.8390533497636206
val_loss: 0.016274231327388405