mae: 0.49584537744522095
rmse: 0.6738178133964539
