test_prcauc: 0.4311301722194737
test_rocauc: 0.7391928888818291
test_loss: 0.22031843235643214
train_prcauc: 0.6225924484399593
train_rocauc: 0.9099376519286242
train_loss: 0.16292919492455657
val_prcauc: 0.4037853718296779
val_rocauc: 0.7204644986441505
val_loss: 0.21469044322374026