test_mae: 3.004240139533694
test_rmse: 3.939577959888723
test_loss: 15.520274502040994
train_mae: 0.6149864019459362
train_rmse: 0.8393592413368183
train_loss: 0.6609825491905212
val_mae: 1.1779863893201477
val_rmse: 1.53629718212982
val_loss: 2.360209031820025