test_mae: 2.2112988465558736
test_rmse: 2.9408694113474634
test_loss: 8.648712894599175
train_mae: 1.0200909691156705
train_rmse: 1.2376932028827188
train_loss: 1.539821743965149
val_mae: 2.131443357281387
val_rmse: 2.868177223760805
val_loss: 8.226440586900239