test_prcauc: 0.7227761428042119
test_rocauc: 0.9145228520820938
test_loss: 0.19820668874308467
train_prcauc: 0.9261004991930011
train_rocauc: 0.9852364659586532
train_loss: 0.08310293283845697
val_prcauc: 0.9268264446325771
val_rocauc: 0.9774261153736857
val_loss: 0.09595575142884627
