test_prcauc: 0.4207086163484794
test_rocauc: 0.8196643484265562
test_loss: 0.13222660213708878
train_prcauc: 0.701836509381248
train_rocauc: 0.968446340329776
train_loss: 0.07694979332909938
val_prcauc: 0.4328298565774534
val_rocauc: 0.8198574494175354
val_loss: 0.14082036197185516