test_prcauc: 0.11970718464401543
test_rocauc: 0.7487806229907993
test_loss: 0.14816563859581947
train_prcauc: 0.821466063809527
train_rocauc: 0.9852419045750576
train_loss: 0.06951571116760617
val_prcauc: 0.2651392178703586
val_rocauc: 0.7341108822162571
val_loss: 0.1644147651270032