test_prcauc: 0.9484384284238871
test_rocauc: 0.8774197782006693
test_loss: 0.345971941947937
train_prcauc: 0.9871751966717437
train_rocauc: 0.9611252568569643
train_loss: 0.2742188169704315
val_prcauc: 0.9557976334559517
val_rocauc: 0.8975766433281218
val_loss: 0.310422420501709