test_mae: 2.2988173525221645
test_rmse: 2.967079214819909
test_loss: 8.803559067016327
train_mae: 0.5143606998061364
train_rmse: 0.6851074028433524
train_loss: 0.9561052918434143
val_mae: 2.5527120774611833
val_rmse: 3.695895268511962
val_loss: 13.659641835809108