prcauc: 0.8142905176190652
rocauc: 0.8005564249695705 