test_prcauc: 0.6310753932727423
test_rocauc: 0.5729980001067931
test_OGBNanLabelloss: 0.5584797143936158
train_prcauc: 0.8271434093489842
train_rocauc: 0.868872920213332
train_OGBNanLabelloss: 0.34865426768859226
val_prcauc: 0.6480457314896847
val_rocauc: 0.6028133243144582
val_OGBNanLabelloss: 0.5371663093566894
