test_prcauc: 0.6697912531144511
test_rocauc: 0.829579340480185
test_loss: 0.20950424671173096
train_prcauc: 0.7066785165922582
train_rocauc: 0.8942906399233979
train_loss: 0.2067000754990595
val_prcauc: 0.6297671975842417
val_rocauc: 0.8255347593582888
val_loss: 0.22751350700855255