mae: 0.7034640908241272
rmse: 0.8826196789741516
