test_mae: 0.6429202183293444
test_rmse: 0.8304528058241091
test_loss: 0.6889726325955001
train_mae: 0.2569718147819374
train_rmse: 0.3248118158660395
train_loss: 0.2020169198513031
val_mae: 0.6444842727178974
val_rmse: 0.809945239266527
val_loss: 0.655442606619805