test_prcauc: 0.6359376279295462
test_rocauc: 0.7909507176867203
test_loss: 0.571328192949295
train_prcauc: 0.9819581970814175
train_rocauc: 0.9924729090018709
train_loss: 0.039924886275548487
val_prcauc: 0.6944697356131715
val_rocauc: 0.9721297481860862
val_loss: 0.23609507214277983
