test_prcauc: 0.45726517210358963
test_rocauc: 0.7621929815199923
test_loss: 0.20555993298004413
train_prcauc: 0.5683071168753653
train_rocauc: 0.871666835207637
train_loss: 0.15039719406954585
val_prcauc: 0.4326140784726521
val_rocauc: 0.750151275786297
val_loss: 0.19304373680517592
