prcauc: 0.4448299114861526
rocauc: 0.7558169813279315
