test_prcauc: 0.6525635775084045
test_rocauc: 0.6330332880781363
test_OGBNanLabelloss: 0.5210698743661245
train_prcauc: 0.7638170474654643
train_rocauc: 0.8098270262370659
train_OGBNanLabelloss: 1.2139191770995106
val_prcauc: 0.6387457266915207
val_rocauc: 0.6576309772700312
val_OGBNanLabelloss: 2.8745917114946575
