prcauc: 0.6607643537770623
rocauc: 0.6459293765623527
