test_mae: 0.7169651068924439
test_rmse: 0.8965514865767087
test_loss: 0.7809868042761814
train_mae: 0.3285169206571189
train_rmse: 0.4171105151401457
train_loss: 0.3031005029167448
val_mae: 0.7467668414108809
val_rmse: 0.945530371672098
val_loss: 0.8982525459529155