mae: 0.7087940213162275
rmse: 0.8758847580899872 