prcauc: 0.3099024418440188
rocauc: 0.7311708535721991 