test_prcauc: 0.34184555355663937
test_rocauc: 0.7387071593033424
test_loss: 0.25337476335711545
train_prcauc: 0.5370641424497141
train_rocauc: 0.8945877261682419
train_loss: 0.17060865051289803
val_prcauc: 0.35400151991161155
val_rocauc: 0.7789184227816692
val_loss: 0.2844602705262082