test_prcauc: 0.18351985276692892
test_rocauc: 0.6945267386392167
test_loss: 0.27817280068183725
train_prcauc: 0.4379027512630486
train_rocauc: 0.8811982445859424
train_loss: 0.11743394292656709
val_prcauc: 0.17465012604826086
val_rocauc: 0.7900009798157946
val_loss: 0.36334882618899905
