test_prcauc: 0.863139671667047
test_rocauc: 0.8816505706760316
test_loss: 0.4520501494407654
train_prcauc: 0.9439164122419319
train_rocauc: 0.9611974891356833
train_loss: 0.34025213903770213
val_prcauc: 0.9283238433786473
val_rocauc: 0.9282700421940928
val_loss: 0.31726526670778793
