test_prcauc: 0.6019248549917635
test_rocauc: 0.5969635833097925
test_loss: 0.6140421032905579
train_prcauc: 0.8072975991252491
train_rocauc: 0.8453575395977149
train_loss: 0.41208891644725976
val_prcauc: 0.6689136543187979
val_rocauc: 0.6359707813481394
val_loss: 0.5364908576011658