test_prcauc: 0.05999677379449803
test_rocauc: 0.7412929082283167
test_loss: 0.015402874594412676
train_prcauc: 0.18203685424993132
train_rocauc: 0.9305141672137557
train_loss: 0.010736909554697853
val_prcauc: 0.14839848031475875
val_rocauc: 0.7932150555121392
val_loss: 0.013001411394186707