test_prcauc: 0.11143060492358808
test_rocauc: 0.7912694292405483
test_loss: 0.013970806637762683
train_prcauc: 0.4277908945474265
train_rocauc: 0.9728033262509846
train_loss: 0.008743776152318352
val_prcauc: 0.09366690796185383
val_rocauc: 0.844267884222959
val_loss: 0.0116043474329596