test_mae: 1.1163679605946604
test_rmse: 1.5528147267709789
test_loss: 2.41123357567683
train_mae: 0.2554899148528393
train_rmse: 0.3598184012618135
train_loss: 0.33376290400822956
val_mae: 1.0015708312569724
val_rmse: 1.2703306884594843
val_loss: 1.6137400580419474