mae: 0.6324538865451302
rmse: 0.8055998022677163 