test_mae: 0.5130102265938408
test_rmse: 0.6906092847007098
test_loss: 0.47847760321768174
train_mae: 0.33403629599570756
train_rmse: 0.4298834834593637
train_loss: 0.25317513644695283
val_mae: 0.4566999951191247
val_rmse: 0.6250393798326066
val_loss: 0.38383019831353515