test_prcauc: 0.9587448923485945
test_rocauc: 0.9034121260683761
test_loss: 0.4520996653341821
train_prcauc: 0.9996842005827495
train_rocauc: 0.9987286099715417
train_loss: 0.03591134191331703
val_prcauc: 0.9752879045251404
val_rocauc: 0.941321044546851
val_loss: 0.32586984150111675
