prcauc: 0.31523852124829077
rocauc: 0.6283749575032354 