test_prcauc: 0.040615011415264454
test_rocauc: 0.6401046581723336
test_loss: 0.17467106194798745
train_prcauc: 0.27572468596435984
train_rocauc: 0.9611039175615046
train_loss: 0.008279457780120607
val_prcauc: 0.07537383479418187
val_rocauc: 0.7135582943160053
val_loss: 0.0947028191032961
