test_mae: 2.815938507776994
test_rmse: 4.032052053665448
test_loss: 16.257443763467762
train_mae: 0.7615581392611598
train_rmse: 0.9882844219388899
train_loss: 1.1586456894874573
val_mae: 1.177737399645542
val_rmse: 1.5580153212321668
val_loss: 2.4274117411941716