test_mae: 1.1716910600662231
test_rmse: 1.6526024341583252
test_loss: 1.1751112341880798
train_mae: 0.3838011622428894
train_rmse: 0.5143477916717529
train_loss: 0.397339133485671
val_mae: 1.0702009201049805
val_rmse: 1.3305542469024658
val_loss: 1.075339213013649
