test_mae: 0.9031933453884802
test_rmse: 1.166818214532435
test_loss: 1.3614647457646598
train_mae: 0.475858504881671
train_rmse: 0.602919636914734
train_loss: 0.5921623259782791
val_mae: 0.8592070652267576
val_rmse: 1.0423272306224982
val_loss: 1.0864460556971662