test_prcauc: 0.6051720899919194
test_rocauc: 0.564850114727034
test_loss: 0.6311643838882446
train_prcauc: 0.8548630284879295
train_rocauc: 0.9001527539870949
train_loss: 0.31089624183045494
val_prcauc: 0.6666187477403095
val_rocauc: 0.6108496079848301
val_loss: 0.5715023577213287
