prcauc: 0.6448380745630091
rocauc: 0.6259999742964348
