test_prcauc: 0.6653295118463872
test_rocauc: 0.6595049380476031
test_OGBNanLabelloss: 0.5549351334571838
train_prcauc: 0.7885739038866804
train_rocauc: 0.8306077296542221
train_OGBNanLabelloss: 0.3886767451961835
val_prcauc: 0.709083803338961
val_rocauc: 0.6861611137024934
val_OGBNanLabelloss: 0.6142625987529755
