test_prcauc: 0.7423907453269398
test_rocauc: 0.7894279255781603
test_loss: 0.7192272692918777
train_prcauc: 0.8806811433956293
train_rocauc: 0.9278909817351598
train_loss: 0.6123880445957184
val_prcauc: 0.959174353973484
val_rocauc: 0.7864468864468864
val_loss: 0.56716405103604
