prcauc: 0.33241312587239724
rocauc: 0.6395349531277084 