test_mae: 0.8073784708976746
test_rmse: 1.0508630275726318
test_loss: 0.7910000458359718
train_mae: 0.20819202065467834
train_rmse: 0.31746339797973633
train_loss: 0.20735927444437277
val_mae: 0.7626174688339233
val_rmse: 1.0011886358261108
val_loss: 0.7504308894276619
