test_prcauc: 0.6414118571008234
test_rocauc: 0.6434110436633363
test_loss: 0.5621830224990845
train_prcauc: 0.8093816248486343
train_rocauc: 0.853732220479733
train_loss: 0.4016864738937505
val_prcauc: 0.6835906420760458
val_rocauc: 0.6600336061140248
val_loss: 0.5153820514678955