prcauc: 0.6411518468132037
rocauc: 0.6401113036404332 