test_mae: 0.570219075717424
test_rmse: 0.7835447452213191
test_loss: 0.613942367763942
train_mae: 0.36112959414231
train_rmse: 0.4761758549574954
train_loss: 0.3540651202201843
val_mae: 0.5884101596048901
val_rmse: 0.7587014599099957
val_loss: 0.5756279052695589