test_mae: 0.4762917459011078
test_rmse: 0.637663722038269
test_loss: 0.4673774912953377
train_mae: 0.3447582423686981
train_rmse: 0.4922558665275574
train_loss: 0.34779649130676105
val_mae: 0.4876447319984436
val_rmse: 0.6693562865257263
val_loss: 0.4827294759452343
