mae: 0.5217467546463013
rmse: 0.6884480714797974
