test_prcauc: 0.30622916048726995
test_rocauc: 0.6058355050114095
test_loss: 0.32563897793243124
train_prcauc: 0.5447521504046654
train_rocauc: 0.8785600386951212
train_loss: 0.1517703461435383
val_prcauc: 0.3696143343766583
val_rocauc: 0.667621904214438
val_loss: 0.2833335376017796