test_prcauc: 0.6303745159542913
test_rocauc: 0.6031387359238634
test_loss: 0.622686505317688
train_prcauc: 0.8967403241828118
train_rocauc: 0.9277495061470483
train_loss: 0.3321728027441462
val_prcauc: 0.6561249223771656
val_rocauc: 0.594275677188425
val_loss: 0.6525568962097168