test_prcauc: 0.33480266457083874
test_rocauc: 0.6408943564320932
test_loss: 0.33275440097981623
train_prcauc: 0.557088886827733
train_rocauc: 0.8775855756687955
train_loss: 0.16508465408736955
val_prcauc: 0.3665035662082258
val_rocauc: 0.6469229726869874
val_loss: 0.285002154483767