test_mae: 0.8761887550354004
test_rmse: 2.270772933959961
test_loss: 0.8761887635503497
train_mae: 0.5468363761901855
train_rmse: 2.7775933742523193
train_loss: 0.5468363839068583
val_mae: 0.7595546245574951
val_rmse: 0.9520362019538879
val_loss: 0.7595546841621399
