test_mae: 0.43937650322914124
test_rmse: 1.103696584701538
test_loss: 0.43937652167819796
train_mae: 0.1279279589653015
train_rmse: 0.1930578052997589
train_loss: 0.1279279703692514
val_mae: 0.4211239814758301
val_rmse: 0.5754638314247131
val_loss: 0.4211240141164689
