test_prcauc: 0.6111517080981483
test_rocauc: 0.5701107295201295
test_loss: 0.7071975588798523
train_prcauc: 0.8595276168417549
train_rocauc: 0.901808371010529
train_loss: 0.31453374524911243
val_prcauc: 0.6481760665394153
val_rocauc: 0.606773138621268
val_loss: 0.8040178656578064
