test_prcauc: 0.41726673466044817
test_rocauc: 0.8358612937896788
test_loss: 0.18435135264230867
train_prcauc: 0.6428134769460097
train_rocauc: 0.9176712888080184
train_loss: 0.16199803302106042
val_prcauc: 0.4826440094287499
val_rocauc: 0.8314741535534932
val_loss: 0.17157904857154047