test_prcauc: 0.10433171697791348
test_rocauc: 0.7608741908800886
test_loss: 0.017605526851492893
train_prcauc: 0.15063914496402817
train_rocauc: 0.9346434767506575
train_loss: 0.010669473926579262
val_prcauc: 0.16939599412346237
val_rocauc: 0.824042993343161
val_loss: 0.015077633194663109