test_mae: 1.1675713152872251
test_rmse: 1.471765204582529
test_loss: 2.166092817419853
train_mae: 0.5944545314177688
train_rmse: 0.7601964389418473
train_loss: 1.1184685230255127
val_mae: 1.154699193030332
val_rmse: 1.4129648859993198
val_loss: 1.9964697690670703