test_prcauc: 0.6298099485576315
test_rocauc: 0.5934630508196932
test_loss: 0.6391599893569946
train_prcauc: 0.8784286480604443
train_rocauc: 0.9161626834323905
train_loss: 0.29537467327382827
val_prcauc: 0.6679401417003127
val_rocauc: 0.6339828425626247
val_loss: 0.5824250221252442
