prcauc: 0.7001308737738421
rocauc: 0.9086687172001529
