test_prcauc: 0.6520700469736416
test_rocauc: 0.8329554934116978
test_loss: 0.3830832242965698
train_prcauc: 0.9657133369368971
train_rocauc: 0.9936526313484322
train_loss: 0.07639058802733126
val_prcauc: 0.5916313272149533
val_rocauc: 0.7454509556802819
val_loss: 0.36789120733737946