prcauc: 0.6506570368572733
rocauc: 0.830611195373969 