test_mae: 0.46361687779426575
test_rmse: 0.7150524854660034
test_loss: 0.4699807365735372
train_mae: 0.34738773107528687
train_rmse: 0.5942374467849731
train_loss: 0.4528725743293762
val_mae: 0.5751665234565735
val_rmse: 0.807158887386322
val_loss: 0.6182732383410136
