prcauc: 0.7012619525721209
rocauc: 0.677662037037037
