test_prcauc: 0.3712251682210626
test_rocauc: 0.6726862389910127
test_loss: 0.3230072768597767
train_prcauc: 0.5664702395367694
train_rocauc: 0.8744965424963309
train_loss: 0.14006827371479644
val_prcauc: 0.38318845229789156
val_rocauc: 0.6936478578427819
val_loss: 0.27849542786335124
