test_prcauc: 0.5141238368046219
test_rocauc: 0.5426884579293088
test_loss: 0.5308545827865601
train_prcauc: 0.6177029210549493
train_rocauc: 0.8083355438290285
train_loss: 0.38360511959789034
val_prcauc: 0.5851515711861778
val_rocauc: 0.8758437571817852
val_loss: 0.43908557295799255