prcauc: 0.5298475815616343
rocauc: 0.58259262155493 