test_prcauc: 0.06885290175852464
test_rocauc: 0.7540688413505106
test_loss: 0.015407722089807509
train_prcauc: 0.17872608204881704
train_rocauc: 0.9209913582085011
train_loss: 0.011395113425181753
val_prcauc: 0.14698786082243487
val_rocauc: 0.8241557558306389
val_loss: 0.013256962201260644