mae: 2.0194711733609436
rmse: 2.7290815914037303 