test_prcauc: 0.6385210389464537
test_rocauc: 0.6236496913580247
test_loss: 2.8667047023773193
train_prcauc: 1.0
train_rocauc: 1.0
train_loss: 0.01989573412707891
val_prcauc: 0.8996494320740007
val_rocauc: 0.9448961156278229
val_loss: 0.6379761099815369