prcauc: 0.6816258804814656
rocauc: 0.6438078703703705 