test_mae: 0.4972580025912377
test_rmse: 0.6654690625307726
test_loss: 0.4428490731855854
train_mae: 0.3389460099316331
train_rmse: 0.45713134024815294
train_loss: 0.34924156963825226
val_mae: 0.47569947141142827
val_rmse: 0.6210556300764886
val_loss: 0.3857100956497042