mae: 0.48720957554536953
rmse: 0.6688218039925898 