test_prcauc: 0.8019943052263437
test_rocauc: 0.8687797918248155
test_loss: 0.11230230471119285
train_prcauc: 0.8975317813748557
train_rocauc: 0.9685490013086977
train_loss: 0.1110144447003092
val_prcauc: 0.9401618914148148
val_rocauc: 0.9860696694136593
val_loss: 0.09879720171738882
