test_prcauc: 0.18614243302329916
test_rocauc: 0.7366654435195736
test_loss: 0.8098371404791687
train_prcauc: 0.981612381011019
train_rocauc: 0.9998674140757092
train_loss: 0.01593837605340221
val_prcauc: 0.3278447374335646
val_rocauc: 0.8253784538506761
val_loss: 0.7695413014557612
