test_prcauc: 0.7529435537633864
test_rocauc: 0.7267554012345679
test_loss: 0.9667250939777919
train_prcauc: 0.993463428917915
train_rocauc: 0.9708791729629361
train_loss: 0.21431659216230567
val_prcauc: 0.9533436654019398
val_rocauc: 0.9719207408144978
val_loss: 0.24385982086615904
