prcauc: 0.5169420480134673
rocauc: 0.5639536197129253 