test_prcauc: 0.6604037106668907
test_rocauc: 0.7890014075695966
test_loss: 0.30845677852630615
train_prcauc: 0.9012029683886099
train_rocauc: 0.9822788222478935
train_loss: 0.12616358313814188
val_prcauc: 0.6700548113603181
val_rocauc: 0.9013173446272038
val_loss: 0.21998925507068634