test_prcauc: 0.28397221121776867
test_rocauc: 0.708975647850199
test_loss: 0.24365248219613256
train_prcauc: 0.3271078270016628
train_rocauc: 0.801507911488843
train_loss: 0.20754697607222475
val_prcauc: 0.29509211967434035
val_rocauc: 0.7476399582158338
val_loss: 0.27898369494987035