mae: 0.8124509819387336
rmse: 1.0804384441460022 