test_prcauc: 0.030137153011160715
test_rocauc: 0.6531134919442975
test_loss: 0.017495711493115126
train_prcauc: 0.0878925473405373
train_rocauc: 0.8929317325968754
train_loss: 0.012307595045966858
val_prcauc: 0.0854131650732666
val_rocauc: 0.7389339286098804
val_loss: 0.015090325486234162