test_mae: 0.5948857665061951
test_rmse: 0.7755446434020996
test_loss: 0.5948858261108398
train_mae: 0.09519270062446594
train_rmse: 0.13409040868282318
train_loss: 0.09519270182188068
val_mae: 0.5684967041015625
val_rmse: 0.7164553999900818
val_loss: 0.5684966998440879
