test_prcauc: 0.5969351821674921
test_rocauc: 0.7160397768741529
test_loss: 0.29885491728782654
train_prcauc: 0.7299000819187114
train_rocauc: 0.9217719961325481
train_loss: 0.19124242677550787
val_prcauc: 0.5967208063721359
val_rocauc: 0.8928379132604485
val_loss: 0.19121114909648895