test_mae: 0.739258348941803
test_rmse: 0.9486280679702759
test_loss: 0.7501906355222067
train_mae: 0.29259192943573
train_rmse: 0.3960495889186859
train_loss: 0.29456861482726204
val_mae: 0.6418797969818115
val_rmse: 0.8401985764503479
val_loss: 0.6296593646208445
