test_mae: 0.4794085621833801
test_rmse: 0.6660671830177307
test_loss: 0.4716389775276184
train_mae: 0.264028400182724
train_rmse: 0.3929462432861328
train_loss: 0.26323465225489245
val_mae: 0.46305137872695923
val_rmse: 0.7051088213920593
val_loss: 0.4651397466659546
