test_prcauc: 0.6627539267490028
test_rocauc: 0.7795698924731183
test_loss: 1.2373198866844177
train_prcauc: 0.9941633039684192
train_rocauc: 0.9775789334915299
train_loss: 0.18920391769811604
val_prcauc: 0.9921214017883961
val_rocauc: 0.9408369408369408
val_loss: 0.38255922496318817