test_prcauc: 0.45120933318658824
test_rocauc: 0.8204427468679097
test_loss: 0.1263309559226036
train_prcauc: 0.754396801503128
train_rocauc: 0.9765952124116257
train_loss: 0.07434021433693114
val_prcauc: 0.4467897885892584
val_rocauc: 0.8182928345846395
val_loss: 0.1379759980738163