prcauc: 0.4216264867347622
rocauc: 0.8352654569892474 