test_prcauc: 0.6173956008944763
test_rocauc: 0.5962440996869489
test_loss: 0.5255537033081055
train_prcauc: 0.6867392007607137
train_rocauc: 0.706363051832607
train_loss: 0.5006650078084899
val_prcauc: 0.6576083778802959
val_rocauc: 0.5948736909358101
val_loss: 0.4867120385169983