prcauc: 0.6187460135084853
rocauc: 0.5973443145765357 