prcauc: 0.33330698052724295
rocauc: 0.633040707344329 