test_mae: 0.5078731653860636
test_rmse: 0.679275962086926
test_loss: 0.4643627409052192
train_mae: 0.3422827612517017
train_rmse: 0.4394706205384954
train_loss: 0.28417311906814574
val_mae: 0.4626526460793047
val_rmse: 0.6265145237284314
val_loss: 0.39692360394241516