mae: 0.5044733187109233
rmse: 0.6764745410396422 