test_mae: 0.7698373794555664
test_rmse: 1.011918544769287
test_loss: 0.7601766735315323
train_mae: 0.1924991011619568
train_rmse: 0.28802067041397095
train_loss: 0.19077066494070966
val_mae: 0.7508488893508911
val_rmse: 0.9602653980255127
val_loss: 0.7383903935551643
