prcauc: 0.6414766965658671
rocauc: 0.6057050994779426 