test_prcauc: 0.6999424223742141
test_rocauc: 0.6597222222222222
test_loss: 0.8919351696968079
train_prcauc: 0.9697124355722696
train_rocauc: 0.870717612074286
train_loss: 0.3850180534541879
val_prcauc: 0.8081504852103223
val_rocauc: 0.8825654923215899
val_loss: 0.4223376512527466