test_mae: 0.584748387336731
test_rmse: 0.7831261157989502
test_loss: 0.5847483852079937
train_mae: 0.21933750808238983
train_rmse: 0.35034456849098206
train_loss: 0.21933750715106726
val_mae: 0.5329896211624146
val_rmse: 0.6993238925933838
val_loss: 0.5329896147762027
