test_mae: 0.7497248649597168
test_rmse: 1.6172599792480469
test_loss: 0.7071801781654358
train_mae: 0.26629284024238586
train_rmse: 0.5121094584465027
train_loss: 0.2654162370241605
val_mae: 0.6434545516967773
val_rmse: 1.106131672859192
val_loss: 0.7387819409370422
