test_mae: 0.7570074796676636
test_rmse: 0.947693407535553
test_loss: 0.7537003308534622
train_mae: 0.5254817605018616
train_rmse: 0.7227988243103027
train_loss: 0.5147215772059656
val_mae: 0.7997187376022339
val_rmse: 1.0767451524734497
val_loss: 0.7946117222309113
