test_prcauc: 0.8459513858215225
test_rocauc: 0.8816505706760316
test_loss: 0.3885381172100703
train_prcauc: 0.9471100769618409
train_rocauc: 0.956700006897979
train_loss: 0.2667130460826362
val_prcauc: 0.9366764548173011
val_rocauc: 0.9351265822784811
val_loss: 0.27565544998894137
