prcauc: 0.6287018887115918
rocauc: 0.5981002407689 