prcauc: 0.33513941617390036
rocauc: 0.635683705815725 