test_prcauc: 0.3184811975259603
test_rocauc: 0.7451793793326797
test_loss: 0.27685528661845615
train_prcauc: 0.5520881957501446
train_rocauc: 0.8892527433606855
train_loss: 0.1622809972998198
val_prcauc: 0.33731406375001893
val_rocauc: 0.761500421607967
val_loss: 0.2715605967557765