test_mae: 0.9345472474688977
test_rmse: 1.195009170669722
test_loss: 1.4280469179847364
train_mae: 0.2891399955041004
train_rmse: 0.3866916972122503
train_loss: 0.2693874426186085
val_mae: 0.8684479267407309
val_rmse: 1.055915810967309
val_loss: 1.1149581998507498