prcauc: 0.6499547512226935
rocauc: 0.6392984263039142
