test_prcauc: 0.6294389759588591
test_rocauc: 0.5903858846293931
test_loss: 0.6492912173271179
train_prcauc: 0.8698570454316195
train_rocauc: 0.9129198293055387
train_loss: 0.28919317821661633
val_prcauc: 0.6901372445952977
val_rocauc: 0.6518240744819352
val_loss: 0.5436629951000214
