test_mae: 3.0330759374704215
test_rmse: 3.690686709327243
test_loss: 13.621168386404756
train_mae: 0.5904579599187099
train_rmse: 0.741890498503194
train_loss: 1.1547968089580536
val_mae: 2.989473502468318
val_rmse: 4.138924656051027
val_loss: 17.13069730846711