test_mae: 0.793999415046947
test_rmse: 1.1886358646044481
test_loss: 1.412855218623964
train_mae: 0.4803577940115419
train_rmse: 0.6158586777861622
train_loss: 0.5757494866847992
val_mae: 0.5941117869094601
val_rmse: 0.7824936151124213
val_loss: 0.6122962576917061