test_prcauc: 0.9634721705057161
test_rocauc: 0.8947677836566725
test_loss: 0.40353941305407454
train_prcauc: 0.9966679238805226
train_rocauc: 0.991458919127
train_loss: 0.0871867873875255
val_prcauc: 0.9788460780875918
val_rocauc: 0.9455555555555556
val_loss: 0.3039319206561361
