test_prcauc: 0.9736129308028587
test_rocauc: 0.9284406070120357
test_loss: 0.4063742160797119
train_prcauc: 0.9997366848376099
train_rocauc: 0.9991317585301838
train_loss: 0.09564737614636996
val_prcauc: 0.9766201116652147
val_rocauc: 0.9271137026239067
val_loss: 0.4015786349773407