prcauc: 0.7065424199384308
rocauc: 0.6949266975308642
