test_prcauc: 0.7027179505217535
test_rocauc: 0.7165710311250217
test_loss: 0.8105008006095886
train_prcauc: 0.8868671260356901
train_rocauc: 0.9304509132420091
train_loss: 0.35133913296668196
val_prcauc: 0.9439063776965144
val_rocauc: 0.7161172161172161
val_loss: 0.6878005862236023