test_prcauc: 0.8148697435451313
test_rocauc: 0.8539915966386554
test_loss: 0.571548342704773
train_prcauc: 0.9663463483407073
train_rocauc: 0.9718351831557667
train_loss: 0.294601989244738
val_prcauc: 0.775881183476248
val_rocauc: 0.8617252627763683
val_loss: 0.600965678691864