test_prcauc: 0.2273380228264523
test_rocauc: 0.7607489511667992
test_loss: 0.3160431594503197
train_prcauc: 0.5845596871909415
train_rocauc: 0.9299298489053345
train_loss: 0.13176429263776665
val_prcauc: 0.22056466869769015
val_rocauc: 0.7379150557148999
val_loss: 0.6094161563392051
