test_mae: 3.042886257171631
test_rmse: 4.128192901611328
test_loss: 3.0431376099586487
train_mae: 0.2987750172615051
train_rmse: 0.5819804072380066
train_loss: 0.29895046811837417
val_mae: 1.005928874015808
val_rmse: 1.2110296487808228
val_loss: 0.8759034276008606
