test_prcauc: 0.165271944892675
test_rocauc: 0.7381483802750847
test_loss: 0.1128565789759159
train_prcauc: 0.5679080418009295
train_rocauc: 0.918349630969637
train_loss: 0.09992007105877933
val_prcauc: 0.3011784419298792
val_rocauc: 0.7590456818638976
val_loss: 0.1176832551509142