test_prcauc: 0.5052634597020091
test_rocauc: 0.8401702819130479
test_loss: 0.10974009860964383
train_prcauc: 0.572573940255701
train_rocauc: 0.9267188955854888
train_loss: 0.09582352257276229
val_prcauc: 0.42047419475078224
val_rocauc: 0.8285805904853524
val_loss: 0.12023124054950826