test_prcauc: 0.8156601536576583
test_rocauc: 0.8769002884540422
test_loss: 0.5042114853858948
train_prcauc: 0.9464100722208594
train_rocauc: 0.956656129889723
train_loss: 0.32164894382483517
val_prcauc: 0.8068519129585385
val_rocauc: 0.8340023612750885
val_loss: 0.6379418969154358