test_prcauc: 0.36274927621436864
test_rocauc: 0.7005359719070289
test_loss: 0.21172666481210298
train_prcauc: 0.4441061506408554
train_rocauc: 0.8043402111635815
train_loss: 0.20243244949456365
val_prcauc: 0.37298040262341653
val_rocauc: 0.7207593685789742
val_loss: 0.18918417581611804