test_prcauc: 0.2808030706030694
test_rocauc: 0.7577193827923354
test_loss: 0.09913743331351063
train_prcauc: 0.5247857509343643
train_rocauc: 0.8996684495765477
train_loss: 0.1065266279397331
val_prcauc: 0.25612028577071233
val_rocauc: 0.7405643842523602
val_loss: 0.13756718708371574
