test_prcauc: 0.368797231634379
test_rocauc: 0.768739560157632
test_loss: 0.25763670493055274
train_prcauc: 0.5502872186817791
train_rocauc: 0.9088669063514603
train_loss: 0.17161466227621552
val_prcauc: 0.3850520703121363
val_rocauc: 0.8016279833098808
val_loss: 0.2448113406146014
