test_mae: 0.75620061297218
test_rmse: 0.944892871021555
test_loss: 0.8730126171074674
train_mae: 0.45396805068362683
train_rmse: 0.565476901744704
train_loss: 0.4161876014300755
val_mae: 0.7998225758299232
val_rmse: 0.9965453600089914
val_loss: 1.0110178581126403