test_prcauc: 0.3279544104838365
test_rocauc: 0.6244527896195534
test_loss: 0.36127858195332935
train_prcauc: 0.6469230535141608
train_rocauc: 0.9213948678076374
train_loss: 0.146943178926238
val_prcauc: 0.3726336523127039
val_rocauc: 0.6653635909135499
val_loss: 0.2977759933539342