test_mae: 0.4360657334327698
test_rmse: 0.5611289143562317
test_loss: 0.4284091740846634
train_mae: 0.2736274003982544
train_rmse: 0.393720805644989
train_loss: 0.27835230000557437
val_mae: 0.45375797152519226
val_rmse: 0.6227365732192993
val_loss: 0.46289853751659393
