test_prcauc: 0.4924647122905809
test_rocauc: 0.8555074343975894
test_OGBNanLabelloss: 0.18954783212393522
train_prcauc: 0.6597235483447146
train_rocauc: 0.9284752821276349
train_OGBNanLabelloss: 0.14081449601086762
val_prcauc: 0.4570181733742295
val_rocauc: 0.8526678278815151
val_OGBNanLabelloss: 0.26494410876184704
