prcauc: 0.4681446516800905
rocauc: 0.8497863857426305
