test_prcauc: 0.4393518748591809
test_rocauc: 0.8208541143084765
test_loss: 0.19854076669704027
train_prcauc: 0.7001353693507993
train_rocauc: 0.935030925322145
train_loss: 0.1508578191826456
val_prcauc: 0.44877046216171523
val_rocauc: 0.8411374985619893
val_loss: 0.18734906953058714