test_mae: 2.001023530960083
test_rmse: 2.979647636413574
test_loss: 2.362865447998047
train_mae: 0.6232654452323914
train_rmse: 0.8749468326568604
train_loss: 0.609699750940005
val_mae: 2.504157781600952
val_rmse: 3.5097174644470215
val_loss: 2.0123146772384644
