test_prcauc: 0.735760357993128
test_rocauc: 0.648341049382716
test_loss: 1.5148519277572632
train_prcauc: 0.9984944620803551
train_rocauc: 0.9923357459462493
train_loss: 0.15042173573667456
val_prcauc: 0.8321801292078292
val_rocauc: 0.9004315969085617
val_loss: 0.651830792427063