test_prcauc: 0.31819711269200207
test_rocauc: 0.7357166081358519
test_OGBNanLabelloss: 0.37720373107327354
train_prcauc: 0.43708854975318373
train_rocauc: 0.876444798131431
train_OGBNanLabelloss: 0.17375764878172623
val_prcauc: 0.34719816256865094
val_rocauc: 0.7883620855052468
val_OGBNanLabelloss: 0.37745454134764495
