test_prcauc: 0.4006621737448314
test_rocauc: 0.8093347021107989
test_loss: 0.1727624807345935
train_prcauc: 0.7768998026810902
train_rocauc: 0.9850455082831582
train_loss: 0.06798647387297813
val_prcauc: 0.4410120162009357
val_rocauc: 0.8424783260543641
val_loss: 0.12975788268175992
