test_prcauc: 0.37711802396936017
test_rocauc: 0.7080984335668079
test_loss: 0.23348186966653778
train_prcauc: 0.6347693889806364
train_rocauc: 0.9169096296866939
train_loss: 0.16463019219018152
val_prcauc: 0.37766618983490435
val_rocauc: 0.7138558715623586
val_loss: 0.22313231094276315