prcauc: 0.689084609188833
rocauc: 0.6693672839506173
