prcauc: 0.18059513865844554
rocauc: 0.7634429919930419
