test_prcauc: 0.17293450403718905
test_rocauc: 0.7861410981214773
test_loss: 0.11966540572432421
train_prcauc: 0.6061212354847912
train_rocauc: 0.935691410926066
train_loss: 0.08951071754272562
val_prcauc: 0.2827966381283445
val_rocauc: 0.7828238688779298
val_loss: 0.13933354274152768
