test_prcauc: 0.23094855098366804
test_rocauc: 0.7733888255856622
test_loss: 0.21259326746255375
train_prcauc: 0.5543426023801276
train_rocauc: 0.9497380550154949
train_loss: 0.10370213881477972
val_prcauc: 0.1960017364564556
val_rocauc: 0.8157242063492063
val_loss: 0.12961073328430453
