test_prcauc: 0.6084268738223001
test_rocauc: 0.6126312775534557
test_loss: 0.5525074601173401
train_prcauc: 0.7528486491276618
train_rocauc: 0.7960383033185857
train_loss: 0.43641697137827873
val_prcauc: 0.6908314867840865
val_rocauc: 0.6471530328372149
val_loss: 0.49551981687545776