test_prcauc: 0.3123588763672833
test_rocauc: 0.7516261057574524
test_OGBNanLabelloss: 0.29222848201170565
train_prcauc: 0.5078932777014773
train_rocauc: 0.8956017480343657
train_OGBNanLabelloss: 0.15190877879415055
val_prcauc: 0.33699400804153035
val_rocauc: 0.7824684985420317
val_OGBNanLabelloss: 0.270824228040874
