prcauc: 0.48858109981079945
rocauc: 0.8655280685867109 