test_prcauc: 0.4793982503534866
test_rocauc: 0.8590891779581403
test_loss: 0.1096762453808504
train_prcauc: 0.640928868463291
train_rocauc: 0.9459025154436062
train_loss: 0.08887334615772653
val_prcauc: 0.45362310744936246
val_rocauc: 0.8319669748241176
val_loss: 0.13131094154189615