test_prcauc: 0.7010331743220004
test_rocauc: 0.6649305555555556
test_loss: 1.347123316356114
train_prcauc: 0.9996260933396256
train_rocauc: 0.9980595408695263
train_loss: 0.06396094459024343
val_prcauc: 0.9140134111671262
val_rocauc: 0.9555909588768297
val_loss: 0.3432213770491736
