test_mae: 0.7042162418365479
test_rmse: 0.8706448674201965
test_loss: 0.7049154043197632
train_mae: 0.3720703721046448
train_rmse: 0.6150599122047424
train_loss: 0.3702457999029467
val_mae: 0.7705419659614563
val_rmse: 1.0375773906707764
val_loss: 0.7615165412425995
