test_mae: 0.5710274174337586
test_rmse: 0.7471112247799379
test_loss: 0.5502966172711949
train_mae: 0.37816273908252784
train_rmse: 0.48814482117578856
train_loss: 0.30736662234578815
val_mae: 0.5568566413033932
val_rmse: 0.7298802448633175
val_loss: 0.5235792930948013