mae: 0.5691305178455299
rmse: 0.7426254876567432 