test_prcauc: 0.7005031764458903
test_rocauc: 0.8509583637437876
test_loss: 0.26676038056612017
train_prcauc: 0.9935750363416994
train_rocauc: 0.9988621702306659
train_loss: 0.025363112124614416
val_prcauc: 0.9791423853923853
val_rocauc: 0.9981269903805114
val_loss: 0.04221692550927401
