test_prcauc: 0.5727726988978936
test_rocauc: 0.7157686645136778
test_loss: 0.23398132622241974
train_prcauc: 0.8263970345700584
train_rocauc: 0.9508043067005223
train_loss: 0.17323759695008445
val_prcauc: 0.5648324896136309
val_rocauc: 0.7031607582149098
val_loss: 0.23643270879983902