test_prcauc: 0.43519441856432506
test_rocauc: 0.8303763919840629
test_loss: 0.19013196077610267
train_prcauc: 0.7254266696833254
train_rocauc: 0.9442564851178369
train_loss: 0.14324813395662783
val_prcauc: 0.5068707461297836
val_rocauc: 0.8441728093304611
val_loss: 0.1729476667645034