test_prcauc: 0.6393193313396052
test_rocauc: 0.6018029570749653
test_loss: 0.5599494636058807
train_prcauc: 0.8567492071806007
train_rocauc: 0.905526044174027
train_loss: 0.31241244905524784
val_prcauc: 0.664548983226242
val_rocauc: 0.6229989876535093
val_loss: 0.5469677865505218
