prcauc: 0.797329354299007
rocauc: 0.86078691423519 