test_prcauc: 0.7701602192718875
test_rocauc: 0.8530061892130858
test_loss: 0.7316388487815857
train_prcauc: 0.9919249922703599
train_rocauc: 0.9933562630449482
train_loss: 0.1770088945962114
val_prcauc: 0.844148098568468
val_rocauc: 0.8487601492209788
val_loss: 0.6647621989250183