test_mae: 2.4218147816881537
test_rmse: 2.993832124608891
test_loss: 8.963030790340184
train_mae: 0.829696431840586
train_rmse: 1.0455340259588397
train_loss: 1.3637630343437195
val_mae: 2.7606354522076435
val_rmse: 3.6261353763878943
val_loss: 13.148857767891776