test_prcauc: 0.3200109503027531
test_rocauc: 0.6443370856188833
test_loss: 0.34377384673932504
train_prcauc: 0.45811229729460445
train_rocauc: 0.8140671092298386
train_loss: 0.16030841468032017
val_prcauc: 0.36364632165611255
val_rocauc: 0.6827085492117538
val_loss: 0.3248674233668837
