test_prcauc: 0.6839201413383835
test_rocauc: 0.8135456851909777
test_OGBNanLabelloss: 1.370389124751091
train_prcauc: 0.9274023731861567
train_rocauc: 0.9855542013544452
train_OGBNanLabelloss: 0.09661048498237505
val_prcauc: 0.9879989410595789
val_rocauc: 0.9966159427427033
val_OGBNanLabelloss: 0.05884060568641871
