test_prcauc: 0.1589550055193461
test_rocauc: 0.7668593083183552
test_loss: 0.018728084612646172
train_prcauc: 0.8656870421033104
train_rocauc: 0.999553873757692
train_loss: 0.009704994117374022
val_prcauc: 0.11594657490690803
val_rocauc: 0.7735266240902782
val_loss: 0.017256340148212618
