test_mae: 0.9583051478857488
test_rmse: 1.2220347459636098
test_loss: 1.4933689203423446
train_mae: 0.580884812310983
train_rmse: 0.7458008082213331
train_loss: 0.717702105641365
val_mae: 0.9369245063878794
val_rmse: 1.135512542040295
val_loss: 1.2893887331308125