mae: 1.0153815230273568
rmse: 1.273309047208485 