prcauc: 0.359271257036923
rocauc: 0.6638888252134933
