test_mae: 1.0577633697187199
test_rmse: 1.3048072261707604
test_loss: 1.7025218974674337
train_mae: 0.45376216330976804
train_rmse: 0.6092319647026245
train_loss: 0.47903842478990555
val_mae: 0.9156917449588607
val_rmse: 1.168188375988246
val_loss: 1.3646640817940558