test_prcauc: 0.7286291918861153
test_rocauc: 0.7529125369500955
test_loss: 1.2400963107744853
train_prcauc: 0.6748791021781697
train_rocauc: 0.7676227168949772
train_loss: 0.5627359776962094
val_prcauc: 0.9537488205276232
val_rocauc: 0.7479853479853481
val_loss: 1.135564277569453
