test_prcauc: 0.30773050170681
test_rocauc: 0.5983859449215827
test_loss: 0.35644905451052133
train_prcauc: 0.4953649010486993
train_rocauc: 0.8399131907888565
train_loss: 0.18091941355058289
val_prcauc: 0.34789271292985074
val_rocauc: 0.6403572237189747
val_loss: 0.29848126127709446