test_prcauc: 0.6722677289702774
test_rocauc: 0.780510752688172
test_loss: 0.9294064044952393
train_prcauc: 0.9845358521411446
train_rocauc: 0.9475100520730342
train_loss: 0.24437609591941478
val_prcauc: 0.9954236210014082
val_rocauc: 0.9671439671439672
val_loss: 0.22526077926158905