test_mae: 0.6229772567749023
test_rmse: 0.8112514019012451
test_loss: 0.5883419911066691
train_mae: 0.7025507092475891
train_rmse: 1.0579336881637573
train_loss: 0.7079768412643008
val_mae: 0.7235723733901978
val_rmse: 1.1902745962142944
val_loss: 0.6076462964216868
