test_mae: 0.7884758871610349
test_rmse: 1.181791875632819
test_loss: 1.3966320373117365
train_mae: 0.6228734865008969
train_rmse: 0.8400416061894646
train_loss: 1.1143646836280823
val_mae: 0.9869775947266155
val_rmse: 1.4354326679006668
val_loss: 2.0604669440764254