test_mae: 0.5575135829077478
test_rmse: 0.7510862065777795
test_loss: 0.564130489711399
train_mae: 0.40615319182221815
train_rmse: 0.5299515834494821
train_loss: 0.34248460084199905
val_mae: 0.6127589161662118
val_rmse: 0.7819801050717807
val_loss: 0.6114928847280732