test_mae: 0.6900140643119812
test_rmse: 0.8751963973045349
test_loss: 0.6900140451533454
train_mae: 0.5175088047981262
train_rmse: 0.7056434154510498
train_loss: 0.5175087792532784
val_mae: 0.693008303642273
val_rmse: 0.8575674891471863
val_loss: 0.6930083291871207
