test_mae: 0.5879316926002502
test_rmse: 0.7673057317733765
test_loss: 0.5879316947289875
train_mae: 0.13023756444454193
train_rmse: 0.16720551252365112
train_loss: 0.13023756564195668
val_mae: 0.5412944555282593
val_rmse: 0.7054598331451416
val_loss: 0.5412944321121488
