prcauc: 0.32159427279069147
rocauc: 0.6195358922395342 