test_prcauc: 0.638896106673559
test_rocauc: 0.8476545111517473
test_loss: 0.5403365530073643
train_prcauc: 0.9503580326616322
train_rocauc: 0.9912040840366264
train_loss: 0.08072431938101848
val_prcauc: 0.6496997270119016
val_rocauc: 0.894577654383308
val_loss: 0.8424769949167967
