test_mae: 0.7727916240692139
test_rmse: 1.003621220588684
test_loss: 0.7930033604303995
train_mae: 0.2891298234462738
train_rmse: 0.4087317883968353
train_loss: 0.29018831694567643
val_mae: 0.6593846678733826
val_rmse: 0.882382869720459
val_loss: 0.6420625746250153
