mae: 0.6759487390518188
rmse: 2.0307695865631104
