test_mae: 0.7525050044059753
test_rmse: 0.9969906210899353
test_loss: 0.7466965615749359
train_mae: 0.38414904475212097
train_rmse: 0.5375146269798279
train_loss: 0.38406458977730046
val_mae: 0.7322447896003723
val_rmse: 0.9407946467399597
val_loss: 0.7235315591096878
