test_mae: 0.7209818959236145
test_rmse: 0.9105501174926758
test_loss: 0.7163380682468414
train_mae: 0.3353484570980072
train_rmse: 0.45188310742378235
train_loss: 0.338992936957267
val_mae: 0.6798252463340759
val_rmse: 0.9062632322311401
val_loss: 0.671287402510643
