test_prcauc: 0.06451640509342876
test_rocauc: 0.7140087065007854
test_loss: 0.02747819513113199
train_prcauc: 0.14244234403710893
train_rocauc: 0.9131047738849571
train_loss: 0.05570182207587073
val_prcauc: 0.13876424019378317
val_rocauc: 0.7394278306304564
val_loss: 0.01576813891123145
