test_mae: 0.4747150607383441
test_rmse: 0.6412263142008314
test_loss: 0.4249269969728948
train_mae: 0.30757690520789854
train_rmse: 0.39551468369985304
train_loss: 0.2332561065753301
val_mae: 0.4724659515479727
val_rmse: 0.6452913686857742
val_loss: 0.43208813157480175