test_mae: 0.4880918860435486
test_rmse: 0.6570954322814941
test_loss: 0.4742821715772152
train_mae: 0.4203028976917267
train_rmse: 3.673915147781372
train_loss: 0.416152017272037
val_mae: 0.4588213860988617
val_rmse: 0.6521093845367432
val_loss: 0.45747604593634605
