prcauc: 0.9587578435850896
rocauc: 0.8886551816239316
