test_prcauc: 0.958847830588226
test_rocauc: 0.8930622329059829
test_loss: 0.3681817821093968
train_prcauc: 0.9955238520936731
train_rocauc: 0.9847913663746904
train_loss: 0.1584534392487712
val_prcauc: 0.9782257224518074
val_rocauc: 0.9343573988735279
val_loss: 0.26385652273893356
