test_mae: 0.5014441609382629
test_rmse: 0.6787822246551514
test_loss: 0.5014441417796272
train_mae: 0.19696760177612305
train_rmse: 0.2878051996231079
train_loss: 0.19696760470313684
val_mae: 0.45884212851524353
val_rmse: 0.6401911973953247
val_loss: 0.4588421200002943
