test_prcauc: 0.07436259708649398
test_rocauc: 0.7966031414038963
test_loss: 0.012149731721814489
train_prcauc: 0.1323639409155043
train_rocauc: 0.8587916808791937
train_loss: 0.012792403329145633
val_prcauc: 0.06008216424097223
val_rocauc: 0.7337501897220968
val_loss: 0.013627045173445715