test_prcauc: 0.8804736604481832
test_rocauc: 0.7614877395425511
test_loss: 1.5329795181751251
train_prcauc: 0.9859958982856323
train_rocauc: 0.9863215672535108
train_loss: 0.18782676640711143
val_prcauc: 0.4655134369521628
val_rocauc: 0.8777195027195027
val_loss: 0.8810826241970062