test_mae: 0.8719303607940674
test_rmse: 2.6659514904022217
test_loss: 0.8182304352521896
train_mae: 0.45198091864585876
train_rmse: 0.6445796489715576
train_loss: 0.4519017179807027
val_mae: 0.673703670501709
val_rmse: 0.9764923453330994
val_loss: 0.7233439385890961
