test_mae: 0.5368019346232926
test_rmse: 0.7096846736186317
test_loss: 0.5155013663897287
train_mae: 0.3993858266688647
train_rmse: 0.5088483154263458
train_loss: 0.3345714628696442
val_mae: 0.5075018532249544
val_rmse: 0.6843339759294547
val_loss: 0.4678653532502174