test_prcauc: 0.7325524071547035
test_rocauc: 0.6953124999999999
test_loss: 1.0360002517700195
train_prcauc: 0.9879975956715926
train_rocauc: 0.9542557369690849
train_loss: 0.20546407436566141
val_prcauc: 0.9093299488945
val_rocauc: 0.9361638060825053
val_loss: 0.4026881158351898