test_prcauc: 0.8166797265783573
test_rocauc: 0.8554872695346795
test_loss: 0.40861066182454425
train_prcauc: 0.8633460543253141
train_rocauc: 0.9068883217217356
train_loss: 0.42520108164810555
val_prcauc: 0.9396679440825035
val_rocauc: 0.9319620253164557
val_loss: 0.4071761568387349
