mae: 1.3388557043252511
rmse: 1.9149557906110426 