test_prcauc: 0.9670833962707355
test_rocauc: 0.9008617938078519
test_loss: 0.6594071361151609
train_prcauc: 0.9999815504354707
train_rocauc: 0.9999401083494406
train_loss: 0.009517956970133431
val_prcauc: 0.9554448821728709
val_rocauc: 0.9215675154539784
val_loss: 0.4734389158812436
