test_mae: 0.7350011467933655
test_rmse: 0.9880859851837158
test_loss: 0.7330221086740494
train_mae: 0.28477439284324646
train_rmse: 0.3957810699939728
train_loss: 0.279613317981843
val_mae: 0.6243396997451782
val_rmse: 0.872584342956543
val_loss: 0.6188709959387779
