mae: 1.4674646854400635
rmse: 1.9663602113723755
