test_prcauc: 0.6144089531966664
test_rocauc: 0.5738037768484658
test_loss: 0.5333150625228882
train_prcauc: 0.7626068316689582
train_rocauc: 0.7925562904837632
train_loss: 0.4584011501555757
val_prcauc: 0.6528079890541149
val_rocauc: 0.6067689575043944
val_loss: 0.500163197517395