test_prcauc: 0.6101225604260023
test_rocauc: 0.6016617253659937
test_loss: 0.5699537396430969
train_prcauc: 0.7746660233220518
train_rocauc: 0.8145204723859912
train_loss: 0.4263607831604816
val_prcauc: 0.6852200078867348
val_rocauc: 0.6243012113234058
val_loss: 0.5141287446022034