prcauc: 0.20431505598688424
rocauc: 0.7457289634794029
