test_prcauc: 0.02635908905354025
test_rocauc: 0.7044370625778037
test_loss: 0.01599091505579399
train_prcauc: 0.028224775036662545
train_rocauc: 0.8093719789979101
train_loss: 0.012537503093403235
val_prcauc: 0.050062995289904516
val_rocauc: 0.756327673378667
val_loss: 0.014929113072235364
