test_mae: 0.48442222075708335
test_rmse: 0.6561908419827756
test_loss: 0.4587915004930756
train_mae: 0.32576791538715005
train_rmse: 0.41747219996114343
train_loss: 0.25627075632413227
val_mae: 0.46281767955043956
val_rmse: 0.6619835244356699
val_loss: 0.4704495080208427