test_prcauc: 0.29561759621805533
test_rocauc: 0.6037821244236486
test_loss: 0.3085293183171786
train_prcauc: 0.465563063447662
train_rocauc: 0.8272466847529957
train_loss: 0.17018944709651476
val_prcauc: 0.35468852728195294
val_rocauc: 0.6594927301942554
val_loss: 0.2704202669837052