test_mae: 6.207123279571533
test_rmse: 19.0443058013916
test_loss: 12.23417099316915
train_mae: 0.4082714915275574
train_rmse: 0.6351683735847473
train_loss: 0.3922714355091254
val_mae: 2.1229307651519775
val_rmse: 3.140153646469116
val_loss: 2.0492207209269204
