test_mae: 0.7564473152160645
test_rmse: 0.9925363659858704
test_loss: 0.7505084723234177
train_mae: 0.12872108817100525
train_rmse: 0.21431557834148407
train_loss: 0.12796027213335037
val_mae: 0.7637128829956055
val_rmse: 0.9994294047355652
val_loss: 0.7577071860432625
