test_prcauc: 0.1996323994597254
test_rocauc: 0.7330384905077348
test_loss: 0.1452294091788539
train_prcauc: 0.24472076109988525
train_rocauc: 0.7841464244808208
train_loss: 0.15003982607577482
val_prcauc: 0.1650940183615259
val_rocauc: 0.797040343915344
val_loss: 0.1210841014576347
