test_prcauc: 0.47239895732724246
test_rocauc: 0.836509051516203
test_loss: 0.11495056222466861
train_prcauc: 0.5162568624494612
train_rocauc: 0.905552651921985
train_loss: 0.0982008078309551
val_prcauc: 0.3903659320351667
val_rocauc: 0.8201498677689154
val_loss: 0.1321303533280597