test_prcauc: 0.8302821083256045
test_rocauc: 0.8669836837972253
test_loss: 0.5422390591014515
train_prcauc: 0.9511482766060899
train_rocauc: 0.9579746860205798
train_loss: 0.31458490462072436
val_prcauc: 0.8351156207974271
val_rocauc: 0.9044480315666756
val_loss: 0.4619061371142214
