prcauc: 0.8201050793275134
rocauc: 0.8627083151557456
