prcauc: 0.41525249291902344
rocauc: 0.8167061476358036 