test_prcauc: 0.41340663011917766
test_rocauc: 0.8233124475553453
test_loss: 0.14209811412023776
train_prcauc: 0.8091822310294698
train_rocauc: 0.9863238315457264
train_loss: 0.06685542654976896
val_prcauc: 0.3992443776092561
val_rocauc: 0.809829720624707
val_loss: 0.1538391625790885