test_prcauc: 0.8083197454373245
test_rocauc: 0.8798627894285492
test_loss: 0.449980229139328
train_prcauc: 0.9218478172759145
train_rocauc: 0.9372499012177161
train_loss: 0.351116476851944
val_prcauc: 0.8096040381338907
val_rocauc: 0.845021645021645
val_loss: 0.5419997572898865