test_prcauc: 0.5084737489085709
test_rocauc: 0.5091009800854968
test_loss: 0.5835726261138916
train_prcauc: 0.6009774890144973
train_rocauc: 0.7496328484369049
train_loss: 0.4352131697791834
val_prcauc: 0.5719822840490272
val_rocauc: 0.8578761613972882
val_loss: 0.5108218193054199