test_prcauc: 0.10771573899874445
test_rocauc: 0.7452068214675758
test_loss: 0.020371014977342086
train_prcauc: 0.7830924678181267
train_rocauc: 0.9981994706832531
train_loss: 0.005632406361310585
val_prcauc: 0.1930088062500916
val_rocauc: 0.797200003387291
val_loss: 0.016945228068795243