prcauc: 0.837471712222509
rocauc: 0.8299426186750131 