test_mae: 0.47212541103363037
test_rmse: 0.6625715494155884
test_loss: 0.45988912507891655
train_mae: 0.24861718714237213
train_rmse: 0.3502120077610016
train_loss: 0.2481005399123482
val_mae: 0.47277602553367615
val_rmse: 0.6675124764442444
val_loss: 0.4753592163324356
