test_mae: 0.4864048659801483
test_rmse: 0.6947406530380249
test_loss: 0.4432835876941681
train_mae: 0.2323177605867386
train_rmse: 0.36625435948371887
train_loss: 0.23221111794312796
val_mae: 0.5786712765693665
val_rmse: 0.8686730861663818
val_loss: 0.6282128766179085
