test_prcauc: 0.07321263466129513
test_rocauc: 0.7594191619858414
test_loss: 0.015838761499521056
train_prcauc: 0.27506655522715606
train_rocauc: 0.9602116518095523
train_loss: 0.009716538804699647
val_prcauc: 0.16524430660777992
val_rocauc: 0.828093105620216
val_loss: 0.012971349100091817