test_prcauc: 0.7105972923386238
test_rocauc: 0.7423056859676578
test_loss: 1.4044184771676858
train_prcauc: 0.7324861572234743
train_rocauc: 0.8101055936073059
train_loss: 0.5232527888402706
val_prcauc: 0.9540153628462882
val_rocauc: 0.7501831501831502
val_loss: 1.1423101623853047
