test_mae: 2.273857846129686
test_rmse: 2.978358536336412
test_loss: 8.870619570967973
train_mae: 0.521026604950078
train_rmse: 0.709498493003757
train_loss: 0.8964112401008606
val_mae: 2.4530967393890024
val_rmse: 3.7418295500699124
val_loss: 14.001288381776401