test_mae: 2.1859514713287354
test_rmse: 2.908045768737793
test_loss: 2.438119649887085
train_mae: 1.0320957899093628
train_rmse: 1.328952431678772
train_loss: 1.0581731531355116
val_mae: 2.2228140830993652
val_rmse: 2.991391181945801
val_loss: 2.225888252258301
