test_mae: 2.648266077041626
test_rmse: 4.139639854431152
test_loss: 2.648042678833008
train_mae: 0.2843436300754547
train_rmse: 0.4468982517719269
train_loss: 0.28378206262221706
val_mae: 0.8030844926834106
val_rmse: 0.9937703013420105
val_loss: 0.7191446324189504
