test_mae: 0.5994223356246948
test_rmse: 0.790322482585907
test_loss: 0.5364391108353933
train_mae: 0.6690494418144226
train_rmse: 1.1132447719573975
train_loss: 0.6519574903779559
val_mae: 0.6369808912277222
val_rmse: 0.8899012804031372
val_loss: 0.6529989242553711
