test_mae: 2.6624611975252632
test_rmse: 3.373255372580612
test_loss: 11.378851808643963
train_mae: 0.6494483697344412
train_rmse: 0.8787823641725044
train_loss: 1.2376682758331299
val_mae: 2.921992549197748
val_rmse: 4.093542378901287
val_loss: 16.757089207860805