mae: 0.8484821194030543
rmse: 1.0803398047039634 