test_mae: 1.7853186130523682
test_rmse: 2.659419536590576
test_loss: 1.6172468066215515
train_mae: 0.6291118860244751
train_rmse: 1.0014958381652832
train_loss: 0.6288712541262309
val_mae: 0.8060759902000427
val_rmse: 1.024200677871704
val_loss: 0.76289102435112
