test_prcauc: 0.21899539284922576
test_rocauc: 0.7642562652955069
test_loss: 0.6033224996509374
train_prcauc: 0.496057267165226
train_rocauc: 0.9000538530973585
train_loss: 0.21205806751483275
val_prcauc: 0.20771990559376266
val_rocauc: 0.7812363443410948
val_loss: 1.9663965078500254
