prcauc: 0.1496537179640094
rocauc: 0.7438924560640557
