test_mae: 1.469727635383606
test_rmse: 6.844175815582275
test_loss: 1.4236298203468323
train_mae: 0.3710747957229614
train_rmse: 0.5152374505996704
train_loss: 0.374633282903702
val_mae: 0.6835298538208008
val_rmse: 0.9059945344924927
val_loss: 0.6755420863628387
