test_prcauc: 0.35599012898542354
test_rocauc: 0.7618302115620171
test_loss: 0.25658995575375027
train_prcauc: 0.565158952582576
train_rocauc: 0.8976330347502354
train_loss: 0.149294966715945
val_prcauc: 0.3932349957890809
val_rocauc: 0.8086034209448673
val_loss: 0.2388738344113032
