test_prcauc: 0.13128602861323008
test_rocauc: 0.7397966722540681
test_loss: 0.02028397858262256
train_prcauc: 0.8702266619944092
train_rocauc: 0.9992724853187847
train_loss: 0.004714641980727174
val_prcauc: 0.11937512110684671
val_rocauc: 0.8636170874440496
val_loss: 0.015076943559711231