test_prcauc: 0.8504584646591766
test_rocauc: 0.7663416395810763
test_loss: 1.0287697315216064
train_prcauc: 0.9694060798398488
train_rocauc: 0.9742731721358665
train_loss: 0.2489849705750058
val_prcauc: 0.43056386079184117
val_rocauc: 0.7551797040169134
val_loss: 0.9257785677909851