test_prcauc: 0.7725999850316693
test_rocauc: 0.8010780733785429
test_loss: 2.4729062964518866
train_prcauc: 0.9933536831828421
train_rocauc: 0.9945605022831051
train_loss: 0.21421009629237941
val_prcauc: 0.9524876675547413
val_rocauc: 0.7410256410256411
val_loss: 2.439342888382574
