test_prcauc: 0.3924512297650111
test_rocauc: 0.8405325118274838
test_loss: 0.14337152264573993
train_prcauc: 0.812262021685174
train_rocauc: 0.9842146986187978
train_loss: 0.06560787315791407
val_prcauc: 0.4052366937530417
val_rocauc: 0.835427359236883
val_loss: 0.13759413975126603