test_mae: 1.6238124370574951
test_rmse: 8.387107849121094
test_loss: 1.399915263056755
train_mae: 0.3636460304260254
train_rmse: 0.5297311544418335
train_loss: 0.3635972479979197
val_mae: 0.6203362345695496
val_rmse: 0.8352295756340027
val_loss: 0.6711312159895897
