test_mae: 3.2051756381988525
test_rmse: 11.355757713317871
test_loss: 2.551833391189575
train_mae: 0.2996663749217987
train_rmse: 0.43662911653518677
train_loss: 0.2927500406901042
val_mae: 1.9636170864105225
val_rmse: 3.470440626144409
val_loss: 1.6723252932230632
