test_prcauc: 0.6172905724676111
test_rocauc: 0.5817607520650873
test_OGBNanLabelloss: 0.977558720111847
train_prcauc: 0.885919094309294
train_rocauc: 0.9299923588069051
train_OGBNanLabelloss: 0.2777675510280662
val_prcauc: 0.6429287661763786
val_rocauc: 0.5863800731149726
val_OGBNanLabelloss: 1.137807834148407
