test_prcauc: 0.44122829988504186
test_rocauc: 0.8263346835848869
test_loss: 0.11277727693319321
train_prcauc: 0.5721227331424259
train_rocauc: 0.9234528842627622
train_loss: 0.09545940879982777
val_prcauc: 0.4427233262890612
val_rocauc: 0.8136597237485974
val_loss: 0.1265010067820549