test_prcauc: 0.6489013763698299
test_rocauc: 0.6551890432098766
test_loss: 1.6683069212096078
train_prcauc: 0.9944374695681613
train_rocauc: 0.9879432248423377
train_loss: 0.09018700561401519
val_prcauc: 0.9621840697556281
val_rocauc: 0.9751070397291646
val_loss: 0.22290285091314996
