prcauc: 0.6891547881954025
rocauc: 0.6614583333333333
