test_mae: 0.6942441463470459
test_rmse: 1.0402371883392334
test_loss: 0.6586777627468109
train_mae: 0.5165258646011353
train_rmse: 0.8037291765213013
train_loss: 0.5139212470788223
val_mae: 0.7496370673179626
val_rmse: 1.1780486106872559
val_loss: 0.8467483043670654
