test_prcauc: 0.1046765742666892
test_rocauc: 0.7069036519422689
test_loss: 0.01577967231482315
train_prcauc: 0.25567508674289025
train_rocauc: 0.9467153977676782
train_loss: 0.01020402234716512
val_prcauc: 0.14841371351536806
val_rocauc: 0.7339836527567916
val_loss: 0.015997548934713852
