test_prcauc: 0.7219970685351469
test_rocauc: 0.9254891717325229
test_loss: 0.15268985133152455
train_prcauc: 0.8509036158784774
train_rocauc: 0.9584018114372157
train_loss: 0.13710867079595726
val_prcauc: 0.7746203776044689
val_rocauc: 0.9250098398560809
val_loss: 0.18147319108247756
