mae: 1.9882729797624052
rmse: 2.65003046993877 