test_prcauc: 0.08128293005861503
test_rocauc: 0.7617862105501384
test_loss: 0.015753184907990728
train_prcauc: 0.2757935464421633
train_rocauc: 0.9521971627727778
train_loss: 0.012319504338601548
val_prcauc: 0.13189554155139654
val_rocauc: 0.7677281369954196
val_loss: 0.01717822122493261
