prcauc: 0.8912889880720449
rocauc: 0.8314373420007223
