test_prcauc: 0.875081333530435
test_rocauc: 0.8332430480317805
test_loss: 0.9536194540560246
train_prcauc: 0.9999390882804327
train_rocauc: 0.9999496257915946
train_loss: 0.02975585896314846
val_prcauc: 0.5635006127841509
val_rocauc: 0.8140591966173362
val_loss: 0.8194528743624687
