test_mae: 0.5808045624175242
test_rmse: 0.743185957110663
test_loss: 0.5440030375081413
train_mae: 0.37099461857468957
train_rmse: 0.47930699042165453
train_loss: 0.33039092059646336
val_mae: 0.554456467593
val_rmse: 0.7281372859694076
val_loss: 0.5189599871367285