test_mae: 2.4543344974517822
test_rmse: 3.097421884536743
test_loss: 1.994949499766032
train_mae: 0.7492273449897766
train_rmse: 1.1483455896377563
train_loss: 0.766073023279508
val_mae: 2.5756731033325195
val_rmse: 3.975212335586548
val_loss: 2.1199249426523843
