test_mae: 1.6830264329910278
test_rmse: 2.33463454246521
test_loss: 1.5611836910247803
train_mae: 0.39563530683517456
train_rmse: 0.60273677110672
train_loss: 0.4273083806037903
val_mae: 2.4134738445281982
val_rmse: 3.7811968326568604
val_loss: 2.4599924087524414
