test_mae: 0.6085479080543986
test_rmse: 0.789329695787299
test_loss: 0.6121187560486481
train_mae: 0.31430381035899363
train_rmse: 0.4032423556463094
train_loss: 0.2119359016418457
val_mae: 0.5944842838703522
val_rmse: 0.7842426412845419
val_loss: 0.5996305144448608