test_prcauc: 0.7074699531274703
test_rocauc: 0.7390019127108328
test_loss: 1.0555295993884404
train_prcauc: 0.6786268048298842
train_rocauc: 0.7861415525114155
train_loss: 0.5486142897024388
val_prcauc: 0.9508412426759414
val_rocauc: 0.7234432234432234
val_loss: 0.7743292649586996
