test_prcauc: 0.17142462956162652
test_rocauc: 0.6923907375576972
test_loss: 1.1533394804551362
train_prcauc: 1.0
train_rocauc: 0.9999999999999999
train_loss: 0.00017206423833932374
val_prcauc: 0.18691385061441074
val_rocauc: 0.788258744855967
val_loss: 0.6416554133371033
