test_mae: 0.5436967611312866
test_rmse: 0.7356682419776917
test_loss: 0.5436967845473971
train_mae: 0.3272826671600342
train_rmse: 0.5942330360412598
train_loss: 0.3272826980267252
val_mae: 0.555250883102417
val_rmse: 0.732579231262207
val_loss: 0.5552508298839841
