test_mae: 0.7128468512197336
test_rmse: 0.9004994926460972
test_loss: 0.7972967587788484
train_mae: 0.34535641112817184
train_rmse: 0.4361084773959742
train_loss: 0.3068320634109633
val_mae: 0.7466550291624098
val_rmse: 0.9518766653382903
val_loss: 0.9045473840051703