test_prcauc: 0.4542657736280153
test_rocauc: 0.7557518399120292
test_loss: 0.20887898910662223
train_prcauc: 0.628358943398838
train_rocauc: 0.9016518732708598
train_loss: 0.13247685920138025
val_prcauc: 0.4435429969098725
val_rocauc: 0.7542032045008522
val_loss: 0.19523540884256363
