test_prcauc: 0.3695798196691518
test_rocauc: 0.7289777606672452
test_loss: 0.2424585674707312
train_prcauc: 0.5629033228581588
train_rocauc: 0.8923601882716675
train_loss: 0.1678181947165434
val_prcauc: 0.35397112341792664
val_rocauc: 0.7844883665147443
val_loss: 0.26623786192146365