test_prcauc: 0.5596838174867056
test_rocauc: 0.7414585722726167
test_loss: 0.3309051990509033
train_prcauc: 0.8390657104823473
train_rocauc: 0.9610224275062051
train_loss: 0.16174184129985425
val_prcauc: 0.6282945857793907
val_rocauc: 0.8874930234085164
val_loss: 0.18678757548332214