test_prcauc: 0.36081026148902984
test_rocauc: 0.7424871193022504
test_OGBNanLabelloss: 0.2940894972395014
train_prcauc: 0.6648129616877271
train_rocauc: 0.946766709050422
train_OGBNanLabelloss: 0.12496571650987036
val_prcauc: 0.3930131347052436
val_rocauc: 0.7935207444508648
val_OGBNanLabelloss: 0.27263435817979
