test_prcauc: 0.08819818087596151
test_rocauc: 0.7171619154245102
test_loss: 0.015060891593853687
train_prcauc: 0.11191553875354344
train_rocauc: 0.8662668860637408
train_loss: 0.01040650387480905
val_prcauc: 0.056450315797557826
val_rocauc: 0.735717814844226
val_loss: 0.01604987593966082
