test_prcauc: 0.6606119830351038
test_rocauc: 0.8713568275814131
test_loss: 0.46625992804765704
train_prcauc: 0.9594199864914313
train_rocauc: 0.9862884652410671
train_loss: 0.08954924270510674
val_prcauc: 0.8631391425540054
val_rocauc: 0.9696945073705637
val_loss: 0.07707735722651705
