test_mae: 0.621971607208252
test_rmse: 0.828588604927063
test_loss: 0.6219715454748699
train_mae: 0.26137053966522217
train_rmse: 0.34881457686424255
train_loss: 0.2613705304850425
val_mae: 0.5972473621368408
val_rmse: 0.7598846554756165
val_loss: 0.5972473940679005
