prcauc: 0.8075823243393857
rocauc: 0.7831681446704921 