test_mae: 2.5026392936706543
test_rmse: 3.2764313220977783
test_loss: 2.20264740784963
train_mae: 1.1011501550674438
train_rmse: 1.6787371635437012
train_loss: 1.1325899362564087
val_mae: 2.6619720458984375
val_rmse: 4.146193504333496
val_loss: 2.073163410027822
