test_prcauc: 0.3199621662938584
test_rocauc: 0.7323156276023135
test_loss: 0.2947211669308882
train_prcauc: 0.6535686687597368
train_rocauc: 0.9266068812422731
train_loss: 0.1413568653112616
val_prcauc: 0.35432617452851195
val_rocauc: 0.7550792159335096
val_loss: 0.27902477111829793