prcauc: 0.8423696871395477
rocauc: 0.8365501651886628
