test_prcauc: 0.1117248454851472
test_rocauc: 0.660480117422121
test_loss: 0.2819237035321261
train_prcauc: 0.9895571836948401
train_rocauc: 0.9992840923956525
train_loss: 0.01087791447972137
val_prcauc: 0.24665897991597596
val_rocauc: 0.7732032627865961
val_loss: 0.18493726839137642
