prcauc: 0.7843295172006782
rocauc: 0.7683881064162754 