test_prcauc: 0.785210050995055
test_rocauc: 0.7713441140671189
test_loss: 0.8426013588905334
train_prcauc: 0.9121419559767986
train_rocauc: 0.9460502283105023
train_loss: 0.3517350268677118
val_prcauc: 0.9300191333969017
val_rocauc: 0.7032967032967034
val_loss: 0.7500925660133362