test_prcauc: 0.40090998410647916
test_rocauc: 0.7588442615774552
test_loss: 0.28106831234914287
train_prcauc: 0.7815256767617264
train_rocauc: 0.9603040823039087
train_loss: 0.10169909639578116
val_prcauc: 0.42419738332907664
val_rocauc: 0.8148464150781171
val_loss: 0.253757297164864
