test_mae: 0.45006122851881447
test_rmse: 0.6018305681772778
test_loss: 0.3812042298366306
train_mae: 0.3286126833510186
train_rmse: 0.424942341786445
train_loss: 0.2597745028989656
val_mae: 0.5137675380194671
val_rmse: 0.6972446920579934
val_loss: 0.48807684355072867