mae: 0.44573271769738254
rmse: 0.6000713590427209 