mean_pred: -3.63887882232666
std_pred: 2.1770801544189453
mean_targets: -3.7976016998291016
std_targets: 2.129075765609741
mae: 0.7715277075767517
rmse: 0.9674773812294006
ogbg-molesol: 0.9674774408340454
L1Loss: 0.7652878165245056
