test_prcauc: 0.21728761755031803
test_rocauc: 0.7489117209679599
test_loss: 0.7565937786933424
train_prcauc: 0.9861664529843461
train_rocauc: 0.9996795946956198
train_loss: 0.015055001858780049
val_prcauc: 0.25041608774163615
val_rocauc: 0.813789070154811
val_loss: 0.8326155775816322
