prcauc: 0.6580127008506966
rocauc: 0.880723879394508 