test_prcauc: 0.6613109504004446
test_rocauc: 0.8805722220642458
test_loss: 0.1919880509376526
train_prcauc: 0.8015552543925382
train_rocauc: 0.9291679346722133
train_loss: 0.18344868942216902
val_prcauc: 0.5972135507009473
val_rocauc: 0.7797459893048128
val_loss: 0.2394963502883911