test_mae: 0.7752504348754883
test_rmse: 1.052324891090393
test_loss: 0.8019266426563263
train_mae: 0.17567691206932068
train_rmse: 0.2696692645549774
train_loss: 0.17905176706888057
val_mae: 0.643474817276001
val_rmse: 0.859241247177124
val_loss: 0.6297348439693451
