test_prcauc: 0.6249291787788744
test_rocauc: 0.5754050806508983
test_loss: 0.6090840829743279
train_prcauc: 0.8687018323444261
train_rocauc: 0.9184400416287486
train_loss: 0.2960984590980742
val_prcauc: 0.6461627611779391
val_rocauc: 0.5993910126984026
val_loss: 0.6172703835699294
