test_prcauc: 0.6210163250605663
test_rocauc: 0.5923171998292155
test_loss: 0.5193591713905334
train_prcauc: 0.7270992485042695
train_rocauc: 0.7551835510343515
train_loss: 0.46121374111857627
val_prcauc: 0.6620857424181048
val_rocauc: 0.6250504142948899
val_loss: 0.48659926652908325