mae: 2.052882724422961
rmse: 2.6540288835621166 