test_mae: 0.8054519295692444
test_rmse: 1.0214422941207886
test_loss: 0.7922046557068825
train_mae: 0.17724528908729553
train_rmse: 0.25807178020477295
train_loss: 0.1777675009292105
val_mae: 0.7642568349838257
val_rmse: 0.9867258667945862
val_loss: 0.7574716731905937
