test_mae: 0.4586719870567322
test_rmse: 0.7363383769989014
test_loss: 0.42571740597486496
train_mae: 0.1976977437734604
train_rmse: 0.3163675367832184
train_loss: 0.19770912031332652
val_mae: 0.5157828330993652
val_rmse: 0.7641570568084717
val_loss: 0.5734790787100792
