test_mae: 1.2351989250628825
test_rmse: 1.5814431033020386
test_loss: 2.5009622889815826
train_mae: 0.42675972654392735
train_rmse: 0.5750970336930946
train_loss: 0.4534907341003418
val_mae: 1.2667815551471713
val_rmse: 1.5884253876834384
val_loss: 2.5230952122372816