test_prcauc: 0.8566834911162851
test_rocauc: 0.7628271172470636
test_loss: 0.7111506543376229
train_prcauc: 0.9213357157916618
train_rocauc: 0.9381842066851555
train_loss: 0.31780872998699067
val_prcauc: 0.4042161221506902
val_rocauc: 0.8300893743793446
val_loss: 0.43456223471598193
