test_prcauc: 0.9775600452521203
test_rocauc: 0.9226925338036449
test_loss: 0.2808653233306749
train_prcauc: 0.9908802683873571
train_rocauc: 0.9730670901118029
train_loss: 0.18555674342946574
val_prcauc: 0.9808268005057075
val_rocauc: 0.9460493827160493
val_loss: 0.28960834230695454
