mae: 2.7864511013031006
rmse: 46.529457092285156
