test_mae: 0.7586109042167664
test_rmse: 1.21103835105896
test_loss: 0.7516340166330338
train_mae: 0.3364522159099579
train_rmse: 0.4134829640388489
train_loss: 0.32866484359387427
val_mae: 0.7052013874053955
val_rmse: 0.9501525163650513
val_loss: 0.6958046704530716
