test_mae: 2.710760081652552
test_rmse: 3.687703444054365
test_loss: 13.599156691290425
train_mae: 0.6657665232570924
train_rmse: 0.8621228023407189
train_loss: 1.1248042583465576
val_mae: 1.1713517321803069
val_rmse: 1.5732791826497377
val_loss: 2.4752073865590267