test_prcauc: 0.12987160072166787
test_rocauc: 0.7248440487456305
test_loss: 0.21005177454036825
train_prcauc: 0.8746381350277158
train_rocauc: 0.9868394693815454
train_loss: 0.06779466205535543
val_prcauc: 0.3222943784657331
val_rocauc: 0.8336701450127375
val_loss: 0.10492661880219684