test_prcauc: 0.43257152741455723
test_rocauc: 0.8184173504161077
test_loss: 0.19979720709944152
train_prcauc: 0.7454058546041393
train_rocauc: 0.9498859713489717
train_loss: 0.14420120121491578
val_prcauc: 0.4332787127133489
val_rocauc: 0.8384128400217891
val_loss: 0.1927949146650812