test_prcauc: 0.6524057378276003
test_rocauc: 0.618041767738327
test_loss: 0.5124875051634652
train_prcauc: 0.7549032964502523
train_rocauc: 0.7865909137092089
train_loss: 0.4266449948772788
val_prcauc: 0.6699494004920924
val_rocauc: 0.667233055335828
val_loss: 0.4878819116524288
