prcauc: 0.24426497388115168
rocauc: 0.7247081126360545
