test_prcauc: 0.239256023957541
test_rocauc: 0.7396612553971552
test_OGBNanLabelloss: 0.6932183226465054
train_prcauc: 0.5119131150453737
train_rocauc: 0.8989164425643396
train_OGBNanLabelloss: 0.1900484580190698
val_prcauc: 0.28552366739942214
val_rocauc: 0.7707483295438831
val_OGBNanLabelloss: 0.5473991688692345
