test_prcauc: 0.5461487034590821
test_rocauc: 0.6470975393598166
test_loss: 0.28789472579956055
train_prcauc: 0.7788713846914574
train_rocauc: 0.940873379929013
train_loss: 0.17982295775739943
val_prcauc: 0.620338229653411
val_rocauc: 0.9128295413506682
val_loss: 0.17162010073661804