prcauc: 0.7988936338026735
rocauc: 0.86046918767507 