test_prcauc: 0.7875864625523235
test_rocauc: 0.8534663865546219
test_loss: 0.5281005501747131
train_prcauc: 0.9539708233528135
train_rocauc: 0.9620546075272804
train_loss: 0.2975194497031259
val_prcauc: 0.8041646729064125
val_rocauc: 0.8841971728887279
val_loss: 0.4833488166332245