test_prcauc: 0.19661519099501365
test_rocauc: 0.7623472576596606
test_loss: 0.12896117534149776
train_prcauc: 0.7626559025612479
train_rocauc: 0.9760273469153598
train_loss: 0.08044043547159661
val_prcauc: 0.2592078938232646
val_rocauc: 0.7277960625719856
val_loss: 0.16298731591439608