test_prcauc: 0.3358521836916297
test_rocauc: 0.7393127219052961
test_loss: 0.2359628815724813
train_prcauc: 0.5742450315733441
train_rocauc: 0.9014078377988417
train_loss: 0.1672248973441666
val_prcauc: 0.33126320226323835
val_rocauc: 0.7604685775648609
val_loss: 0.2657894605815978