test_mae: 0.3733070194721222
test_rmse: 0.5010489821434021
test_loss: 0.36542457342147827
train_mae: 0.33469364047050476
train_rmse: 0.4707689583301544
train_loss: 0.34385497291241923
val_mae: 0.43110451102256775
val_rmse: 0.5740825533866882
val_loss: 0.43688036501407623
