mae: 0.44233229756355286
rmse: 0.576469898223877
