test_mae: 0.3905693292617798
test_rmse: 0.5381851196289062
test_loss: 0.38245605677366257
train_mae: 0.27889764308929443
train_rmse: 0.4070137143135071
train_loss: 0.28109840664171404
val_mae: 0.44788792729377747
val_rmse: 0.5814378261566162
val_loss: 0.45194926112890244
