test_prcauc: 0.06942295273718763
test_rocauc: 0.7224825015820426
test_loss: 0.015086777430343406
train_prcauc: 0.13550657635866056
train_rocauc: 0.8971525930821055
train_loss: 0.011393761988493324
val_prcauc: 0.10456275633948466
val_rocauc: 0.7677204688045172
val_loss: 0.013608293663100733