test_mae: 0.7460839152336121
test_rmse: 0.9619117975234985
test_loss: 0.7556967039903005
train_mae: 0.3359181582927704
train_rmse: 0.4436940550804138
train_loss: 0.3337108901253453
val_mae: 0.6995143890380859
val_rmse: 0.9029635787010193
val_loss: 0.677947074174881
