test_prcauc: 0.71108278932838
test_rocauc: 0.6931905864197532
test_loss: 1.6376943503107344
train_prcauc: 1.0
train_rocauc: 1.0
train_loss: 0.005490636961026626
val_prcauc: 0.923312171385924
val_rocauc: 0.9546948123070795
val_loss: 0.4010752250573465
