test_mae: 0.4246370196342468
test_rmse: 0.5769101977348328
test_loss: 0.41590150197347003
train_mae: 0.2621868848800659
train_rmse: 0.37676703929901123
train_loss: 0.2596221190911752
val_mae: 0.48804306983947754
val_rmse: 0.6970970034599304
val_loss: 0.49292542040348053
