test_prcauc: 0.34167844838940736
test_rocauc: 0.6343704260365475
test_loss: 0.31291882796534176
train_prcauc: 0.45265741275167437
train_rocauc: 0.8021786639459266
train_loss: 0.1700430149334487
val_prcauc: 0.3653923473686318
val_rocauc: 0.6729681186232024
val_loss: 0.2764291675954029
