test_prcauc: 0.7125881218398136
test_rocauc: 0.6701388888888888
test_loss: 1.0837321281433105
train_prcauc: 0.9866624091892928
train_rocauc: 0.9479983728889637
train_loss: 0.21389465900433371
val_prcauc: 0.9036808045669897
val_rocauc: 0.9325504366154771
val_loss: 0.4036056399345398