prcauc: 0.7142045189577362
rocauc: 0.6712962962962963 