test_prcauc: 0.5176435591170527
test_rocauc: 0.5196012755013381
test_loss: 0.2771611213684082
train_prcauc: 0.7732465432983859
train_rocauc: 0.8871883855062637
train_loss: 0.25833543475948445
val_prcauc: 0.6917980808949464
val_rocauc: 0.8568009455333399
val_loss: 0.16835917532444