test_prcauc: 0.9025723034001445
test_rocauc: 0.8129288551823763
test_loss: 0.7877295017242432
train_prcauc: 0.953203173132003
train_rocauc: 0.9632124352331607
train_loss: 0.3049039462420932
val_prcauc: 0.5318617113987377
val_rocauc: 0.7866807610993658
val_loss: 0.6177003979682922