prcauc: 0.8980772920354301
rocauc: 0.8113037197544238 