test_prcauc: 0.6385388964100851
test_rocauc: 0.8008719111667189
test_loss: 0.31913110613822937
train_prcauc: 0.9110271288436924
train_rocauc: 0.9848861280800447
train_loss: 0.11693245191725879
val_prcauc: 0.6466261442577554
val_rocauc: 0.891590334548081
val_loss: 0.1972718983888626