test_mae: 1.5370283126831055
test_rmse: 2.1530001163482666
test_loss: 1.3718581199645996
train_mae: 0.27061304450035095
train_rmse: 0.44252827763557434
train_loss: 0.2705128490924835
val_mae: 0.7947065234184265
val_rmse: 1.0279172658920288
val_loss: 0.7134102980295817
