test_mae: 1.395717978477478
test_rmse: 2.07859468460083
test_loss: 1.322594940662384
train_mae: 0.3408019244670868
train_rmse: 0.4867814779281616
train_loss: 0.34092300732930503
val_mae: 0.8941618204116821
val_rmse: 1.0964272022247314
val_loss: 0.7856142024199168
