test_prcauc: 0.979270380974115
test_rocauc: 0.9328439195659113
test_loss: 0.27963216772133653
train_prcauc: 0.9987118898231226
train_rocauc: 0.995461846296246
train_loss: 0.15438308225323757
val_prcauc: 0.972241396473862
val_rocauc: 0.9410763908580503
val_loss: 0.2717277509245006
