test_mae: 0.5683126366450674
test_rmse: 0.7252996971676795
test_loss: 0.5160887513554839
train_mae: 0.3382826981099677
train_rmse: 0.4374889581538499
train_loss: 0.24986139897789275
val_mae: 0.5715307415198713
val_rmse: 0.7472828497030168
val_loss: 0.5528149480585822