test_prcauc: 0.09373165279653183
test_rocauc: 0.7390866263722714
test_loss: 0.014573284659548914
train_prcauc: 0.4852055430245636
train_rocauc: 0.9833761891343262
train_loss: 0.008840422235933842
val_prcauc: 0.08932406605326053
val_rocauc: 0.79842376243813
val_loss: 0.013999966570637965