mae: 0.5422772765159607
rmse: 0.7047865390777588
