test_mae: 0.6130307912826538
test_rmse: 0.771323025226593
test_loss: 0.5415688653786978
train_mae: 0.5570811033248901
train_rmse: 0.872702419757843
train_loss: 0.5491297394037247
val_mae: 0.7054155468940735
val_rmse: 1.0732988119125366
val_loss: 0.6802536050478617
