test_mae: 0.5356752276420593
test_rmse: 0.7368248105049133
test_loss: 0.4879971245924632
train_mae: 0.4025726020336151
train_rmse: 0.6765385270118713
train_loss: 0.38770681619644165
val_mae: 0.630382776260376
val_rmse: 0.891857922077179
val_loss: 0.5797257026036581
