test_prcauc: 0.5987419636511703
test_rocauc: 0.7636374430091185
test_loss: 0.23545454442501068
train_prcauc: 0.8883260446585597
train_rocauc: 0.9778080160633389
train_loss: 0.1240183254631914
val_prcauc: 0.5857313161285738
val_rocauc: 0.6947564068502696
val_loss: 0.30476783215999603