test_mae: 0.48725536465644836
test_rmse: 0.6832120418548584
test_loss: 0.4872553859438215
train_mae: 0.15793904662132263
train_rmse: 0.23457002639770508
train_loss: 0.15793904861701386
val_mae: 0.44919031858444214
val_rmse: 0.6417062282562256
val_loss: 0.4491903143269675
