test_prcauc: 0.5824262445446575
test_rocauc: 0.7239994960553296
test_loss: 0.29617470502853394
train_prcauc: 0.7929014172111053
train_rocauc: 0.9310131238045012
train_loss: 0.1799422173673931
val_prcauc: 0.6373479858714955
val_rocauc: 0.9082225286450638
val_loss: 0.167181134223938