test_mae: 0.6805003964510703
test_rmse: 0.8591639232713426
test_loss: 0.7380662415667176
train_mae: 0.35626417790546216
train_rmse: 0.4507807846416833
train_loss: 0.3340239099093846
val_mae: 0.7086807840395541
val_rmse: 0.8919761611198819
val_loss: 0.7966603124575773