test_prcauc: 0.43937221015084815
test_rocauc: 0.8180835212420275
test_loss: 0.12252407498431928
train_prcauc: 0.7251476505154584
train_rocauc: 0.9696148182578059
train_loss: 0.08099692785407782
val_prcauc: 0.40075234974567203
val_rocauc: 0.80726192982137
val_loss: 0.13219719763958093