mae: 0.687203049659729
rmse: 0.9285467267036438
