test_mae: 0.6762071847915649
test_rmse: 0.8595973253250122
test_loss: 0.6761070340871811
train_mae: 0.27825814485549927
train_rmse: 0.39952585101127625
train_loss: 0.27412942628706655
val_mae: 0.6591958403587341
val_rmse: 0.8833447694778442
val_loss: 0.6607719212770462
