test_mae: 0.9478199481964111
test_rmse: 3.382204055786133
test_loss: 0.8773713856935501
train_mae: 0.8125637769699097
train_rmse: 4.43721866607666
train_loss: 0.8120891948541006
val_mae: 0.7593416571617126
val_rmse: 1.1065958738327026
val_loss: 0.7528471425175667
