test_prcauc: 0.6651198606417715
test_rocauc: 0.7732661271210541
test_loss: 0.24756609797477722
train_prcauc: 0.9636934863825382
train_rocauc: 0.9934898597575686
train_loss: 0.05955407959409058
val_prcauc: 0.8063879703984613
val_rocauc: 0.9591437144402126
val_loss: 0.14277926087379456
