test_mae: 1.0219050862669943
test_rmse: 1.2553419333339644
test_loss: 1.5758833695866552
train_mae: 0.43266815893023
train_rmse: 0.5785915672519566
train_loss: 0.7044595628976822
val_mae: 0.9159720142973952
val_rmse: 1.1723324308349334
val_loss: 1.3743633283873438