test_mae: 0.8228962765840382
test_rmse: 1.1086228666983093
test_loss: 1.229044660566377
train_mae: 0.6042713640283232
train_rmse: 0.8256009085148689
train_loss: 1.1982364058494568
val_mae: 0.8817333559100592
val_rmse: 1.396763737546858
val_loss: 1.9509489385258683