prcauc: 0.3343354892789141
rocauc: 0.7125896670423248 