test_prcauc: 0.14823820265597898
test_rocauc: 0.7052530900004603
test_loss: 0.024446160401372204
train_prcauc: 0.9598969163076285
train_rocauc: 0.9998533252231454
train_loss: 0.0012710295574295458
val_prcauc: 0.1600639519156315
val_rocauc: 0.7515408607542147
val_loss: 0.019510244254766693
