test_mae: 1.3134716038703917
test_rmse: 1.8603792168352786
test_loss: 3.461010830432645
train_mae: 0.3850664222020431
train_rmse: 0.5051141522361765
train_loss: 0.45762762427330017
val_mae: 0.8170490395356166
val_rmse: 1.1372084423751414
val_loss: 1.2932430414092955