test_mae: 2.044891595840454
test_rmse: 2.7928271293640137
test_loss: 1.7623810172080994
train_mae: 0.4846532642841339
train_rmse: 0.9114840030670166
train_loss: 0.48472091754277546
val_mae: 0.817818284034729
val_rmse: 1.0515536069869995
val_loss: 0.7708069483439127
