test_prcauc: 0.6691527500935517
test_rocauc: 0.6569251543209876
test_loss: 2.6107184886932373
train_prcauc: 0.9999920950416837
train_rocauc: 0.9999579195421646
train_loss: 0.047364193761156505
val_prcauc: 0.890943855961719
val_rocauc: 0.934056007226739
val_loss: 0.9598513841629028