prcauc: 0.3279610744830239
rocauc: 0.6204161229929208 