test_mae: 0.5481915859059806
test_rmse: 0.7305488307241643
test_loss: 0.5337015940724437
train_mae: 0.36843195271458934
train_rmse: 0.4766350012848874
train_loss: 0.3026674836874008
val_mae: 0.562800138185599
val_rmse: 0.7308687766264302
val_loss: 0.5341691686474146