test_prcauc: 0.6054941033408449
test_rocauc: 0.5518460469165974
test_loss: 0.8234328031539917
train_prcauc: 0.8688808806344085
train_rocauc: 0.9100457345986086
train_loss: 0.306847434076998
val_prcauc: 0.656581030736966
val_rocauc: 0.6261948301797367
val_loss: 0.6366600334644318
