test_prcauc: 0.6878968002660771
test_rocauc: 0.6654128086419754
test_loss: 1.1628860235214233
train_prcauc: 0.9738731364450598
train_rocauc: 0.8934663075800932
train_loss: 0.33795129927155715
val_prcauc: 0.829962194706514
val_rocauc: 0.9211080999698886
val_loss: 0.3792833685874939