prcauc: 0.6317422702868455
rocauc: 0.592430883601833
