test_prcauc: 0.35861032237340007
test_rocauc: 0.8176857085734018
test_loss: 0.19936056883137637
train_prcauc: 0.7050535689459244
train_rocauc: 0.9753450547561151
train_loss: 0.11928323873629172
val_prcauc: 0.38216655422935936
val_rocauc: 0.8460776280262099
val_loss: 0.19141462496120157
