prcauc: 0.4309413395849424
rocauc: 0.8008631109253168
