test_mae: 0.5084657410130782
test_rmse: 0.7142105531679569
test_loss: 0.5100967142564788
train_mae: 0.39430708458319985
train_rmse: 0.5289774150615204
train_loss: 0.4620329216122627
val_mae: 0.4935875637397259
val_rmse: 0.6611987891590454
val_loss: 0.43718383878538775