test_mae: 0.49869781732559204
test_rmse: 0.6823924779891968
test_loss: 0.4986978755110786
train_mae: 0.1360337883234024
train_rmse: 0.5905020236968994
train_loss: 0.1360338008677473
val_mae: 0.48259714245796204
val_rmse: 0.6763383746147156
val_loss: 0.48259712968553814
