mae: 0.5278711318969727
rmse: 0.6897037029266357
