prcauc: 0.36695938284325214
rocauc: 0.6716288420534465
