test_prcauc: 0.6878878978026364
test_rocauc: 0.7047470005216483
test_loss: 1.4804720878601074
train_prcauc: 0.979285134570165
train_rocauc: 0.9859503424657534
train_loss: 0.2118046069391161
val_prcauc: 0.9445282107936233
val_rocauc: 0.7153846153846154
val_loss: 1.0919338464736938