test_mae: 1.0318608771446534
test_rmse: 1.3604439594904099
test_loss: 1.850807766913944
train_mae: 0.36044533621246094
train_rmse: 0.4349029483877383
train_loss: 0.24686765298247337
val_mae: 0.9731068434699448
val_rmse: 1.2198398203059495
val_loss: 1.488009187204051