test_prcauc: 0.6245161912381724
test_rocauc: 0.61466911876314
test_loss: 0.5979548096656799
train_prcauc: 0.8253842689199824
train_rocauc: 0.8664610704431792
train_loss: 0.3912716971295897
val_prcauc: 0.6934142891402385
val_rocauc: 0.6238800824371724
val_loss: 0.5633701682090759