prcauc: 0.6876157702261123
rocauc: 0.7410885063467224 