test_prcauc: 0.048131821544050594
test_rocauc: 0.6930244298772019
test_loss: 0.015298632607729963
train_prcauc: 0.07957478542545594
train_rocauc: 0.8621954346868845
train_loss: 0.012446576302623472
val_prcauc: 0.10542916085016492
val_rocauc: 0.7547637828229682
val_loss: 0.013942323514475006