test_mae: 2.0538039207458496
test_rmse: 2.7516753673553467
test_loss: 2.314669926961263
train_mae: 0.7635183930397034
train_rmse: 1.0538649559020996
train_loss: 0.7609909739759233
val_mae: 2.2889394760131836
val_rmse: 3.392948865890503
val_loss: 2.141546686490377
