test_prcauc: 0.6382138779756917
test_rocauc: 0.626517414696689
test_loss: 0.5371065139770508
train_prcauc: 0.8628863100940519
train_rocauc: 0.9047387182142897
train_loss: 0.35081659181608643
val_prcauc: 0.6811976076102153
val_rocauc: 0.6259070663997803
val_loss: 0.5334417819976807