prcauc: 0.35254196399239396
rocauc: 0.6585723164265402
