prcauc: 0.1844926115266952
rocauc: 0.744060333339771
