test_mae: 0.7983877062797546
test_rmse: 1.023597002029419
test_loss: 0.8087941904862722
train_mae: 0.3274649679660797
train_rmse: 0.4887963533401489
train_loss: 0.32849071478402175
val_mae: 0.6712481379508972
val_rmse: 0.8482465744018555
val_loss: 0.6663880745569865
