test_mae: 0.6089463389844231
test_rmse: 0.8327620034851928
test_loss: 0.6934925544486723
train_mae: 0.372491247471444
train_rmse: 0.4692158598576396
train_loss: 0.32966328660647076
val_mae: 0.5209161642498441
val_rmse: 0.6903008860282681
val_loss: 0.47651531325141194