test_mae: 0.5041101574897766
test_rmse: 0.6704519391059875
test_loss: 0.4934011995792389
train_mae: 0.3862808346748352
train_rmse: 0.5459234714508057
train_loss: 0.3853933336558165
val_mae: 0.4961889982223511
val_rmse: 0.723699152469635
val_loss: 0.5073432922363281
