mae: 0.6534870862960815
rmse: 0.9840961694717407
