test_mae: 0.5082431435585022
test_rmse: 2.383657455444336
test_loss: 0.5082431180136544
train_mae: 0.09897663444280624
train_rmse: 0.15394294261932373
train_loss: 0.09897663573525389
val_mae: 0.4184289872646332
val_rmse: 0.5876663327217102
val_loss: 0.41842899861789884
