test_prcauc: 0.23292166025671546
test_rocauc: 0.7578246007068503
test_loss: 0.3660697133897004
train_prcauc: 0.9992580412670916
train_rocauc: 0.9999779066176805
train_loss: 0.0018914728928551474
val_prcauc: 0.34395607329236716
val_rocauc: 0.8213489613952577
val_loss: 0.2749400153380336
