test_mae: 0.7293073534965515
test_rmse: 0.9150375723838806
test_loss: 0.729307404586247
train_mae: 0.6342009902000427
train_rmse: 0.845600962638855
train_loss: 0.6342009997793606
val_mae: 0.728018581867218
val_rmse: 0.9367641806602478
val_loss: 0.7280185861246926
