mae: 0.6780396103858948
rmse: 0.8841211795806885
