test_mae: 0.8413005471229553
test_rmse: 2.3047525882720947
test_loss: 0.8256961852312088
train_mae: 0.30510711669921875
train_rmse: 0.4262607991695404
train_loss: 0.30388751818287757
val_mae: 0.6475645303726196
val_rmse: 0.9103908538818359
val_loss: 0.6412234157323837
