test_mae: 0.37037262320518494
test_rmse: 0.4829460084438324
test_loss: 0.36173006892204285
train_mae: 0.28055495023727417
train_rmse: 0.43518730998039246
train_loss: 0.28148192215350365
val_mae: 0.39517730474472046
val_rmse: 0.5591228008270264
val_loss: 0.40210215002298355
