test_mae: 2.049869712749496
test_rmse: 2.8533844114228324
test_loss: 8.141802599350825
train_mae: 0.49048532755465896
train_rmse: 0.6457228926579784
train_loss: 0.5309144258499146
val_mae: 2.7325701345317066
val_rmse: 3.977660132480015
val_loss: 15.821780129520935