test_mae: 0.5715986063774852
test_rmse: 0.7422960359433167
test_loss: 0.5492796647718906
train_mae: 0.2977416951268734
train_rmse: 0.3851145861356764
train_loss: 0.18599969893693924
val_mae: 0.5601730401356305
val_rmse: 0.7269727651571981
val_loss: 0.5189530529638152