prcauc: 0.27229386702869945
rocauc: 0.7221788371575166 