test_prcauc: 0.2722137102264042
test_rocauc: 0.7210527418367613
test_loss: 0.2860668826370697
train_prcauc: 0.5536655262505322
train_rocauc: 0.8953421340682838
train_loss: 0.14908410156510932
val_prcauc: 0.3146505047493057
val_rocauc: 0.7551743074760046
val_loss: 0.29511413788962854