test_prcauc: 0.2332524870918913
test_rocauc: 0.7633364877653104
test_loss: 0.13238668025416486
train_prcauc: 0.6451272242803303
train_rocauc: 0.9449474305652666
train_loss: 0.09171896167606308
val_prcauc: 0.38436002409543657
val_rocauc: 0.823657652361356
val_loss: 0.0770572250818505