prcauc: 0.20968180750194404
rocauc: 0.7649549044979626 