test_prcauc: 0.43858331043899895
test_rocauc: 0.8344847464733157
test_loss: 0.11324681356549263
train_prcauc: 0.6236208497315736
train_rocauc: 0.9454302936950779
train_loss: 0.08924200053336787
val_prcauc: 0.44334671326616226
val_rocauc: 0.8234002464051456
val_loss: 0.13055679053068162