test_prcauc: 0.35363639576186795
test_rocauc: 0.7703809993071166
test_loss: 0.2581074949767854
train_prcauc: 0.5183373871570797
train_rocauc: 0.8967044245114741
train_loss: 0.17208771473554332
val_prcauc: 0.3970385136458278
val_rocauc: 0.803562700233563
val_loss: 0.24487620371359367
