test_mae: 0.5107163190841675
test_rmse: 0.6993554830551147
test_loss: 0.5107163201485362
train_mae: 0.17564499378204346
train_rmse: 0.25893884897232056
train_loss: 0.17564501533550875
val_mae: 0.5197985768318176
val_rmse: 0.6961824297904968
val_loss: 0.5197985544800758
