test_prcauc: 0.09807777199995753
test_rocauc: 0.7163864686518361
test_loss: 0.01554342477549352
train_prcauc: 0.3865835198878684
train_rocauc: 0.9694282789544248
train_loss: 0.008914838305566034
val_prcauc: 0.09245015355668418
val_rocauc: 0.8077040875463795
val_loss: 0.01643692842140676