test_prcauc: 0.7251868760393821
test_rocauc: 0.7193531559728743
test_loss: 1.7664213180541992
train_prcauc: 1.0
train_rocauc: 1.0
train_loss: 0.0675664254915627
val_prcauc: 0.9484767023591298
val_rocauc: 0.7293040293040294
val_loss: 3.0166330337524414