test_prcauc: 0.31263781658823925
test_rocauc: 0.7405912596155919
test_loss: 0.28199136406313036
train_prcauc: 0.5779154978155797
train_rocauc: 0.905100771446854
train_loss: 0.15381146422150882
val_prcauc: 0.3427579619333929
val_rocauc: 0.7575027317316351
val_loss: 0.2724897484224405