test_mae: 0.8390565990251653
test_rmse: 1.0404746290953064
test_loss: 1.0825874537910154
train_mae: 0.3551367728228345
train_rmse: 0.4889621794301356
train_loss: 0.6838040873408318
val_mae: 0.7888764229455643
val_rmse: 1.0077837988910958
val_loss: 1.0156281853073688