test_prcauc: 0.6256503488250823
test_rocauc: 0.5885611017760329
test_loss: 0.7449084043502807
train_prcauc: 0.9163370258867224
train_rocauc: 0.9525563209250478
train_loss: 0.22635897621512413
val_prcauc: 0.668983913069588
val_rocauc: 0.6224909989130362
val_loss: 0.6533944368362427
