test_prcauc: 0.11167085196356952
test_rocauc: 0.7736322480459155
test_loss: 0.01657307558307178
train_prcauc: 0.6523855345669932
train_rocauc: 0.9957863310710781
train_loss: 0.006923394280322756
val_prcauc: 0.08344089977336476
val_rocauc: 0.8527811717852025
val_loss: 0.012708763422439557