prcauc: 0.630011211741909
rocauc: 0.6244593931161 