test_prcauc: 0.6299316273459681
test_rocauc: 0.6242365303683692
test_loss: 0.5590663254261017
train_prcauc: 0.7627119986697088
train_rocauc: 0.8042368578354433
train_loss: 0.4315081202267796
val_prcauc: 0.6797462194255444
val_rocauc: 0.6623967851007373
val_loss: 0.50523841381073