test_prcauc: 0.9757304854516456
test_rocauc: 0.9178423236514522
test_loss: 0.35155473378571594
train_prcauc: 0.9965446610210471
train_rocauc: 0.9884899137015761
train_loss: 0.12788413472784063
val_prcauc: 0.957610574287429
val_rocauc: 0.9114728066693133
val_loss: 0.3164172822778875
