prcauc: 0.9775017907249269
rocauc: 0.9235876157037983
