test_mae: 1.0838435888290405
test_rmse: 1.4026302099227905
test_loss: 1.0790736079216003
train_mae: 0.35967186093330383
train_rmse: 0.512166440486908
train_loss: 0.3747068831036168
val_mae: 0.9717192649841309
val_rmse: 1.2435895204544067
val_loss: 0.9633210599422455
