prcauc: 0.6398725764671022
rocauc: 0.5760092167499163 