prcauc: 0.3046003486182831
rocauc: 0.6055035518149997 