test_prcauc: 0.3031286713780347
test_rocauc: 0.6073600598961564
test_loss: 0.32938042792268135
train_prcauc: 0.5058004640455321
train_rocauc: 0.8586496320194643
train_loss: 0.16072388685359384
val_prcauc: 0.3609554737820935
val_rocauc: 0.6647377906426448
val_loss: 0.2886007505980101