test_mae: 2.735147214718163
test_rmse: 3.5500958540280125
test_loss: 12.603180572786885
train_mae: 0.835812245344929
train_rmse: 1.0909668836155613
train_loss: 2.270753264427185
val_mae: 2.5619328775256873
val_rmse: 3.937676305444416
val_loss: 15.50529468645839