test_mae: 0.726439356803894
test_rmse: 1.5736902952194214
test_loss: 0.6704463303089142
train_mae: 0.32121846079826355
train_rmse: 0.5457792282104492
train_loss: 0.32022463472989887
val_mae: 0.6094921827316284
val_rmse: 0.9497892260551453
val_loss: 0.6492975115776062
