test_prcauc: 0.09194442565265129
test_rocauc: 0.7189799579093427
test_loss: 0.017181197951731925
train_prcauc: 0.35133769293271305
train_rocauc: 0.9739731277066973
train_loss: 0.009870297704289138
val_prcauc: 0.08418700826182526
val_rocauc: 0.7620819256162922
val_loss: 0.015957183271671983