test_prcauc: 0.33827244651093835
test_rocauc: 0.7386678388480242
test_OGBNanLabelloss: 0.2652930048880754
train_prcauc: 0.44906688003764744
train_rocauc: 0.868021539039901
train_OGBNanLabelloss: 0.1722260851537782
val_prcauc: 0.36880636851667287
val_rocauc: 0.7959130679898568
val_OGBNanLabelloss: 0.30771385436808624
