test_prcauc: 0.6656980714788573
test_rocauc: 0.6578896604938271
test_loss: 2.037912224020277
train_prcauc: 0.9998821270227859
train_rocauc: 0.9992667517940884
train_loss: 0.038521986636756496
val_prcauc: 0.9388980943294498
val_rocauc: 0.963855421686747
val_loss: 0.38387224610362736
