test_prcauc: 0.33054705246708127
test_rocauc: 0.7423857493719456
test_loss: 0.28375228329816016
train_prcauc: 0.5656603963033845
train_rocauc: 0.8955433713731975
train_loss: 0.15796604258643948
val_prcauc: 0.3480271874756098
val_rocauc: 0.7618410159383292
val_loss: 0.27648946994138085