test_prcauc: 0.3257698676469497
test_rocauc: 0.6468490623635434
test_loss: 0.3266580657198511
train_prcauc: 0.4795720098583757
train_rocauc: 0.8338364390712727
train_loss: 0.15364184824013433
val_prcauc: 0.37327360993367703
val_rocauc: 0.6852800885909854
val_loss: 0.2700028874236962
