test_prcauc: 0.3432033329873613
test_rocauc: 0.6382917616197971
test_loss: 0.3199044465830442
train_prcauc: 0.5227388696473643
train_rocauc: 0.8583187408360956
train_loss: 0.170960029817536
val_prcauc: 0.3527778988045346
val_rocauc: 0.6409884664505686
val_loss: 0.28406939712199064