test_prcauc: 0.5651630812948292
test_rocauc: 0.6728334723525528
test_loss: 0.4640957713127136
train_prcauc: 0.9999991765501237
train_rocauc: 0.999988646684832
train_loss: 0.030015711828840486
val_prcauc: 0.5788961896710197
val_rocauc: 0.8818387012048983
val_loss: 0.18251356482505798