test_prcauc: 0.8001845802088946
test_rocauc: 0.8784594994932564
test_loss: 0.5829948782920837
train_prcauc: 0.9656425295927489
train_rocauc: 0.9724163942670356
train_loss: 0.31445142872412757
val_prcauc: 0.8201517079253255
val_rocauc: 0.836599763872491
val_loss: 0.7061269879341125