test_prcauc: 0.6434521118459535
test_rocauc: 0.6917317399753531
test_loss: 0.3747915536165237
train_prcauc: 0.9911100345129642
train_rocauc: 0.9988643424845794
train_loss: 0.021979320477112197
val_prcauc: 0.7904779984914234
val_rocauc: 0.9610348485917148
val_loss: 0.18612593039870262
