test_mae: 2.768551137847826
test_rmse: 3.3690262533500697
test_loss: 11.350337895762008
train_mae: 0.5557030293546661
train_rmse: 0.7037173120990411
train_loss: 1.1530197262763977
val_mae: 2.6124154414702208
val_rmse: 3.6356849730803833
val_loss: 13.218205223482506