test_prcauc: 0.5151996885584857
test_rocauc: 0.5568080318354013
test_loss: 0.29893600940704346
train_prcauc: 0.7281031096083608
train_rocauc: 0.8896073348694317
train_loss: 0.2726501812633074
val_prcauc: 0.5977026848866009
val_rocauc: 0.8851209823040809
val_loss: 0.1822730302810669