prcauc: 0.5662529097364173
rocauc: 0.6704805720640878 