test_prcauc: 0.45328509034938314
test_rocauc: 0.7567274192743141
test_loss: 0.20728757540727483
train_prcauc: 0.5628161732403664
train_rocauc: 0.87263951892274
train_loss: 0.15155840206354465
val_prcauc: 0.42805880908875504
val_rocauc: 0.75054194605362
val_loss: 0.19169048810827322
