test_prcauc: 0.33237200827784497
test_rocauc: 0.7587291230385295
test_loss: 0.2905873131972772
train_prcauc: 0.6192246477669058
train_rocauc: 0.9214336829345365
train_loss: 0.1492614942696391
val_prcauc: 0.400809197761254
val_rocauc: 0.8064448005412781
val_loss: 0.26087133641596194
