test_prcauc: 0.5844678941926875
test_rocauc: 0.7326616967295729
test_loss: 4.0206307709217075
train_prcauc: 0.9858694364581362
train_rocauc: 0.9991033627787056
train_loss: 0.01635841722600162
val_prcauc: 0.7443702912218797
val_rocauc: 0.9504653796907319
val_loss: 0.1493443800136447
