test_prcauc: 0.32920175602691887
test_rocauc: 0.6324256968612022
test_loss: 0.3257819608693422
train_prcauc: 0.5918982807987856
train_rocauc: 0.8942350040089013
train_loss: 0.1616709186430043
val_prcauc: 0.36808782876350055
val_rocauc: 0.6680102064874728
val_loss: 0.27486555270723845