test_mae: 0.4345296025276184
test_rmse: 0.5804736614227295
test_loss: 0.4266950301826
train_mae: 0.2736906409263611
train_rmse: 0.400890588760376
train_loss: 0.271315700981928
val_mae: 0.46821627020835876
val_rmse: 0.6516014933586121
val_loss: 0.4658249728381634
