test_mae: 0.5728530287742615
test_rmse: 0.9382244348526001
test_loss: 0.5628412246704102
train_mae: 0.26655545830726624
train_rmse: 0.5292849540710449
train_loss: 0.2647888339482821
val_mae: 0.6408612728118896
val_rmse: 1.028391718864441
val_loss: 0.6654797434806824
