test_prcauc: 0.671392530812554
test_rocauc: 0.6537170610962669
test_loss: 0.5525132247379848
train_prcauc: 0.850150302203621
train_rocauc: 0.8969522197482397
train_loss: 0.3150684470310807
val_prcauc: 0.6685493705752338
val_rocauc: 0.6625778542062264
val_loss: 0.5486602229731423
