test_mae: 0.486901193857193
test_rmse: 0.6811198592185974
test_loss: 0.47146272473037243
train_mae: 0.313066303730011
train_rmse: 0.5169413685798645
train_loss: 0.31580421393332275
val_mae: 0.48519694805145264
val_rmse: 0.6882941722869873
val_loss: 0.4857645519077778
