test_prcauc: 0.15315581343301157
test_rocauc: 0.7251453291875084
test_loss: 0.19309666621334412
train_prcauc: 0.971309342469323
train_rocauc: 0.9980635739895584
train_loss: 0.04614606350237661
val_prcauc: 0.3417230345132033
val_rocauc: 0.8122979129923574
val_loss: 0.10955846287748393