test_mae: 2.852372884750366
test_rmse: 3.94468355178833
test_loss: 2.830662190914154
train_mae: 0.3016279339790344
train_rmse: 0.5482057332992554
train_loss: 0.3009145030608544
val_mae: 0.9330747723579407
val_rmse: 1.1196321249008179
val_loss: 0.8486156761646271
