test_prcauc: 0.6384623441609639
test_rocauc: 0.618827411961926
test_OGBNanLabelloss: 0.5078831655638558
train_prcauc: 0.7286124719974296
train_rocauc: 0.7683354584183945
train_OGBNanLabelloss: 0.4438139768317342
val_prcauc: 0.6713822587035603
val_rocauc: 0.6095661660864558
val_OGBNanLabelloss: 0.5357072183064052
