test_prcauc: 0.010335518495148433
test_rocauc: 0.6269421924353552
test_loss: 0.3199256815749862
train_prcauc: 0.9928288505201721
train_rocauc: 0.9999819710592492
train_loss: 0.0006056254535582092
val_prcauc: 0.05121421999027211
val_rocauc: 0.6144271176236649
val_loss: 0.1758006591874946
