test_mae: 1.7969534397125244
test_rmse: 2.524379253387451
test_loss: 1.6840514540672302
train_mae: 0.5859513878822327
train_rmse: 1.3613016605377197
train_loss: 0.5855592588583628
val_mae: 0.9304201006889343
val_rmse: 1.166698932647705
val_loss: 0.8364618122577667
