test_prcauc: 0.667132369976023
test_rocauc: 0.8756054444981565
test_loss: 0.19704194366931915
train_prcauc: 0.7344973614005751
train_rocauc: 0.8964140628124606
train_loss: 0.2191943990650999
val_prcauc: 0.6133851247980581
val_rocauc: 0.7947860962566846
val_loss: 0.22941599786281586