test_prcauc: 0.8133662519212156
test_rocauc: 0.8069900886802296
test_loss: 0.7206085324287415
train_prcauc: 0.8880709484310506
train_rocauc: 0.9314754566210045
train_loss: 0.35607116849350184
val_prcauc: 0.9427843758309169
val_rocauc: 0.719047619047619
val_loss: 0.7115940451622009