mae: 1.0409932136535645
rmse: 3.021791696548462
