test_prcauc: 0.31834336443631217
test_rocauc: 0.6233373005609149
test_loss: 0.39470498499970225
train_prcauc: 0.7174785112213188
train_rocauc: 0.9428635669388283
train_loss: 0.12970876637797776
val_prcauc: 0.3614882620982278
val_rocauc: 0.6464418234718158
val_loss: 0.3101321877682843