test_prcauc: 0.3373946328632642
test_rocauc: 0.6363990860696315
test_loss: 0.39458442347943945
train_prcauc: 0.6983252443955573
train_rocauc: 0.9352473459617682
train_loss: 0.1343762047524818
val_prcauc: 0.3566873626223767
val_rocauc: 0.6381369702148775
val_loss: 0.32314120745317504