mae: 0.5873846096786715
rmse: 0.7715744478198214 