test_mae: 0.5853270856278638
test_rmse: 0.769394821593237
test_loss: 0.5953985151795216
train_mae: 0.2924368029566748
train_rmse: 0.37350945878006603
train_loss: 0.2186163291335106
val_mae: 0.5619250261088212
val_rmse: 0.7416309558161069
val_loss: 0.5600350547912927