prcauc: 0.5779221189039834
rocauc: 0.7718559934660967 