test_prcauc: 0.5694602673236695
test_rocauc: 0.6839011399575992
test_loss: 0.39106589555740356
train_prcauc: 0.983219272298213
train_rocauc: 0.9960836948605583
train_loss: 0.05872675305694639
val_prcauc: 0.668057276823141
val_rocauc: 0.9438343346794051
val_loss: 0.15707184374332428