test_mae: 0.8177202832999155
test_rmse: 1.2630481438992616
test_loss: 1.5952906138073701
train_mae: 0.45423675213680254
train_rmse: 0.603625592534625
train_loss: 0.7122862339019775
val_mae: 0.7175016519098768
val_rmse: 0.9914454393281291
val_loss: 0.9829640591645468