test_prcauc: 0.45040763217112545
test_rocauc: 0.7544564385633447
test_loss: 0.21450227704541436
train_prcauc: 0.6309936024409563
train_rocauc: 0.9033112472219506
train_loss: 0.13253076895095375
val_prcauc: 0.4394467970207956
val_rocauc: 0.7472134894512598
val_loss: 0.1956948465828238
