test_mae: 0.5371162567457982
test_rmse: 0.7247841810628463
test_loss: 0.5106521822179094
train_mae: 0.28033529621234077
train_rmse: 0.3614587422947866
train_loss: 0.1726085575563567
val_mae: 0.5337815778908275
val_rmse: 0.7159590228469189
val_loss: 0.502492712332306