test_prcauc: 0.7998231746190794
test_rocauc: 0.7902973395931142
test_loss: 1.5494886636734009
train_prcauc: 0.9999826929546847
train_rocauc: 0.9999885844748858
train_loss: 0.06058918118615334
val_prcauc: 0.9537080510076205
val_rocauc: 0.747985347985348
val_loss: 2.471845865249634