test_prcauc: 0.13495117154462416
test_rocauc: 0.7231737654118353
test_loss: 0.016314111649303083
train_prcauc: 0.47946152694103894
train_rocauc: 0.9817675243659768
train_loss: 0.007895569899762615
val_prcauc: 0.1406147244710675
val_rocauc: 0.7482492437948137
val_loss: 0.014406740926339765
