test_prcauc: 0.5411939616581237
test_rocauc: 0.6793408751259862
test_loss: 0.2864503860473633
train_prcauc: 0.9734997406665786
train_rocauc: 0.9939784396882599
train_loss: 0.11047200871059104
val_prcauc: 0.6434894228763968
val_rocauc: 0.8635444367838734
val_loss: 0.13393941521644592