test_mae: 2.4393932819366455
test_rmse: 3.8813371658325195
test_loss: 2.3997627894083657
train_mae: 0.8016316890716553
train_rmse: 1.1600571870803833
train_loss: 0.8602230780654483
val_mae: 2.316793203353882
val_rmse: 3.344358444213867
val_loss: 2.1742711067199707
