prcauc: 0.3081289078081544
rocauc: 0.626010830127185 