test_prcauc: 0.3085456665829996
test_rocauc: 0.6262565282623522
test_loss: 0.28132921331374616
train_prcauc: 0.480831101083756
train_rocauc: 0.8399333542606225
train_loss: 0.172548501747844
val_prcauc: 0.3488438335814844
val_rocauc: 0.6630844947505152
val_loss: 0.2746928879535196