test_prcauc: 0.4659420954222725
test_rocauc: 0.762259647782246
test_loss: 0.20397486486311617
train_prcauc: 0.6230590558194561
train_rocauc: 0.8991245618521375
train_loss: 0.13487177130697076
val_prcauc: 0.4434037313642598
val_rocauc: 0.7555300635520895
val_loss: 0.1933976005891274
