prcauc: 0.466793815243617
rocauc: 0.7632682272678007
