test_prcauc: 0.5391226497272379
test_rocauc: 0.6702303374691552
test_loss: 0.33061549067497253
train_prcauc: 0.7837858380754987
train_rocauc: 0.9331707180213213
train_loss: 0.18138274403802954
val_prcauc: 0.6385572079808046
val_rocauc: 0.9017039298729439
val_loss: 0.16398561000823975