test_prcauc: 0.9539237545652481
test_rocauc: 0.8843756151978477
test_loss: 0.3310970962047577
train_prcauc: 0.9869647906978596
train_rocauc: 0.9600345454003989
train_loss: 0.24887051639048954
val_prcauc: 0.9556457712051275
val_rocauc: 0.9123275100265107
val_loss: 0.30315718054771423