test_prcauc: 0.5671454110697904
test_rocauc: 0.7716082510131712
test_loss: 0.20465781539678574
train_prcauc: 0.7688006989007609
train_rocauc: 0.937601236059542
train_loss: 0.19274070605288313
val_prcauc: 0.5546744222385154
val_rocauc: 0.7092456280181912
val_loss: 0.2510567605495453