prcauc: 0.7745655862082003
rocauc: 0.8452246898133667
