test_mae: 0.9150318633792676
test_rmse: 1.1382550234312983
test_loss: 1.2956244983665854
train_mae: 0.41937377995034303
train_rmse: 0.5266740858774894
train_loss: 0.3741665855050087
val_mae: 0.8400333507883866
val_rmse: 1.0423564985237097
val_loss: 1.0865070700146084