test_prcauc: 0.7375473027813795
test_rocauc: 0.7117091049382717
test_loss: 1.1218658685684204
train_prcauc: 0.9958987728226334
train_rocauc: 0.9819685238175391
train_loss: 0.15421448800845997
val_prcauc: 0.8942231994636449
val_rocauc: 0.9358626919602528
val_loss: 0.457528293132782