test_prcauc: 0.42173428614282055
test_rocauc: 0.7464703492360083
test_loss: 0.200572045969552
train_prcauc: 0.6105718153086163
train_rocauc: 0.89554095865052
train_loss: 0.1398247518944879
val_prcauc: 0.4151742582034611
val_rocauc: 0.734622611012045
val_loss: 0.2048725436987548
