prcauc: 0.4132425592988431
rocauc: 0.7389787046945497
