test_mae: 0.8093913793563843
test_rmse: 1.0453141927719116
test_loss: 0.8268289168675741
train_mae: 0.2890792191028595
train_rmse: 0.4320937395095825
train_loss: 0.290943815752312
val_mae: 0.7242900729179382
val_rmse: 0.9806923270225525
val_loss: 0.7050698598225912
