prcauc: 0.700728230143902
rocauc: 0.7765232974910394 