test_prcauc: 0.7044656769244615
test_rocauc: 0.7781362007168459
test_loss: 1.029611587524414
train_prcauc: 0.9810846772015525
train_rocauc: 0.9370641355217191
train_loss: 0.27068501816245844
val_prcauc: 0.9958099196652573
val_rocauc: 0.9675879675879675
val_loss: 0.2436157539486885