test_prcauc: 0.2937915853615601
test_rocauc: 0.7301625567817611
test_loss: 0.3256767574117963
train_prcauc: 0.5687925396078475
train_rocauc: 0.8927883449999633
train_loss: 0.14666149002948559
val_prcauc: 0.3248805931399284
val_rocauc: 0.7604703364730585
val_loss: 0.3330145753941544