test_mae: 0.6660333275794983
test_rmse: 1.0598011016845703
test_loss: 0.6454182863235474
train_mae: 0.3326270878314972
train_rmse: 0.5115931630134583
train_loss: 0.33299922713866603
val_mae: 0.6744005680084229
val_rmse: 1.061436653137207
val_loss: 0.7126729846000671
