test_prcauc: 0.2331448063479321
test_rocauc: 0.7006764582221212
test_OGBNanLabelloss: 2.448739402823978
train_prcauc: 0.4114996687705301
train_rocauc: 0.8656020184120011
train_OGBNanLabelloss: 0.17747909942882484
val_prcauc: 0.28057643953178324
val_rocauc: 0.7576250892397813
val_OGBNanLabelloss: 2.3060202059094554
