test_prcauc: 0.9730750343530116
test_rocauc: 0.920253164556962
test_loss: 0.3652578592300415
train_prcauc: 0.9983459987854555
train_rocauc: 0.9945748941275728
train_loss: 0.13109463983950367
val_prcauc: 0.9640531793471248
val_rocauc: 0.9146376811594202
val_loss: 0.4199034720659256