test_prcauc: 0.33192722687689147
test_rocauc: 0.6403727626457278
test_loss: 0.3333753155952358
train_prcauc: 0.5962252494913
train_rocauc: 0.8967462485970669
train_loss: 0.15633411501988156
val_prcauc: 0.35840983934527787
val_rocauc: 0.6430706994882383
val_loss: 0.2821295771271235