prcauc: 0.3183532457741618
rocauc: 0.6215256783395013 