test_mae: 0.6295550465583801
test_rmse: 0.8301987051963806
test_loss: 0.5985946853955587
train_mae: 0.46390610933303833
train_rmse: 0.8071228265762329
train_loss: 0.4746149894264009
val_mae: 0.5708222985267639
val_rmse: 0.7804919481277466
val_loss: 0.583436131477356
