test_prcauc: 0.32493493219531216
test_rocauc: 0.629495956244542
test_loss: 0.3942095340666069
train_prcauc: 0.7134149187742359
train_rocauc: 0.9454008991449061
train_loss: 0.13530757134656216
val_prcauc: 0.367630874574361
val_rocauc: 0.6729432741907473
val_loss: 0.32704313117412864