test_prcauc: 0.06842931163490902
test_rocauc: 0.7681277793971529
test_loss: 0.014703181781899357
train_prcauc: 0.3302227366835309
train_rocauc: 0.9620218442021212
train_loss: 0.009422179673778683
val_prcauc: 0.1026556391089569
val_rocauc: 0.8068747868628666
val_loss: 0.01579389996417073