prcauc: 0.6873924863917851
rocauc: 0.9053591909081431
