test_prcauc: 0.7213049849519524
test_rocauc: 0.754999130585985
test_loss: 0.7109847068786621
train_prcauc: 0.9852318589900869
train_rocauc: 0.9898772831050229
train_loss: 0.3139257121257138
val_prcauc: 0.9364960709510115
val_rocauc: 0.6868131868131868
val_loss: 0.8443410396575928