test_prcauc: 0.33084225323202454
test_rocauc: 0.6312823180645315
test_loss: 0.33370797318869017
train_prcauc: 0.5868458072943419
train_rocauc: 0.8936036887296386
train_loss: 0.16065591136072385
val_prcauc: 0.3759000740915528
val_rocauc: 0.6683192284525972
val_loss: 0.28363380400531796