test_prcauc: 0.7964773776639392
test_rocauc: 0.8860850450074723
test_loss: 0.14425852596759797
train_prcauc: 0.9592817469619508
train_rocauc: 0.9894498861006124
train_loss: 0.06633849752834067
val_prcauc: 0.9178084105094594
val_rocauc: 0.9950802718408353
val_loss: 0.04929745104163885
