test_prcauc: 0.9681483297124575
test_rocauc: 0.9075520833333334
test_loss: 0.35571729711123873
train_prcauc: 0.9951314726567909
train_rocauc: 0.983882174668293
train_loss: 0.14368244228748286
val_prcauc: 0.9726363957447166
val_rocauc: 0.9344939409455539
val_loss: 0.28193757576601847
