test_prcauc: 0.05458336833689706
test_rocauc: 0.7281250879318127
test_loss: 0.016543622341965433
train_prcauc: 0.05226011341166219
train_rocauc: 0.8559409056161907
train_loss: 0.012955525971660909
val_prcauc: 0.05737472704009762
val_rocauc: 0.776761773982834
val_loss: 0.01534678377354464