test_prcauc: 0.654916685595052
test_rocauc: 0.8359503701386717
test_loss: 0.33379224836826327
train_prcauc: 0.9725882104543204
train_rocauc: 0.9953467103638503
train_loss: 0.06306596689391882
val_prcauc: 0.9034361816787728
val_rocauc: 0.9857398470074527
val_loss: 0.06034768824465573
