prcauc: 0.7338565765666887
rocauc: 0.7344809598330725 