test_mae: 1.452059030532837
test_rmse: 2.001391887664795
test_loss: 1.646528720855713
train_mae: 0.4771379232406616
train_rmse: 0.7561595439910889
train_loss: 0.4601607736614015
val_mae: 2.2447104454040527
val_rmse: 2.937558650970459
val_loss: 2.2415977319081626
