test_mae: 1.7839500904083252
test_rmse: 2.484104633331299
test_loss: 1.73251477877299
train_mae: 0.3756468892097473
train_rmse: 0.5633075833320618
train_loss: 0.3855432884560691
val_mae: 2.3182601928710938
val_rmse: 3.719667434692383
val_loss: 2.148887038230896
