test_prcauc: 0.46015679386279884
test_rocauc: 0.8370002483990379
test_loss: 0.12793837984892747
train_prcauc: 0.7760473629683261
train_rocauc: 0.9810822607848436
train_loss: 0.05397176737994111
val_prcauc: 0.41065721310471065
val_rocauc: 0.8247053099686745
val_loss: 0.16897826921420842
