test_prcauc: 0.26827136787920786
test_rocauc: 0.6960635304319185
test_loss: 0.2428748306169364
train_prcauc: 0.3333033172502999
train_rocauc: 0.7980438277197681
train_loss: 0.204958606082936
val_prcauc: 0.2937790104811817
val_rocauc: 0.7479596366407374
val_loss: 0.2715302699669354