test_prcauc: 0.18155781601237514
test_rocauc: 0.7495374572703218
test_loss: 0.12793088748174555
train_prcauc: 0.3840063601581961
train_rocauc: 0.8541483836666034
train_loss: 0.12517691974655104
val_prcauc: 0.27770357579661936
val_rocauc: 0.7874932637664118
val_loss: 0.07823790993322344