test_prcauc: 0.620902445042741
test_rocauc: 0.5772073185629193
test_loss: 0.8744596838951111
train_prcauc: 0.9557558898419594
train_rocauc: 0.9718175448231461
train_loss: 0.19121729872292942
val_prcauc: 0.6784881217212473
val_rocauc: 0.6246192159767382
val_loss: 0.7066802501678466
