test_prcauc: 0.8567794626863943
test_rocauc: 0.7273851226045744
test_loss: 1.0513600707054138
train_prcauc: 0.9207719837379729
train_rocauc: 0.9311358305840219
train_loss: 0.36280189039390137
val_prcauc: 0.44562106291837633
val_rocauc: 0.8630536130536131
val_loss: 0.6012782901525497