mae: 0.47877342262559713
rmse: 0.6374732543211937 