test_mae: 0.46890642016559764
test_rmse: 0.6293021049874922
test_loss: 0.41303649466558146
train_mae: 0.37006960731474237
train_rmse: 0.4791982778039371
train_loss: 0.3515901320746967
val_mae: 0.5185426490108409
val_rmse: 0.7157400057438698
val_loss: 0.5009825328614124