mae: 1.782159223992091
rmse: 2.5312002884396225 