test_mae: 1.7139254531121024
test_rmse: 2.3369208185266723
test_loss: 5.461198912063374
train_mae: 0.40126901238845475
train_rmse: 0.5025676274395029
train_loss: 0.6148558557033539
val_mae: 0.7640955318745813
val_rmse: 1.1192154636603995
val_loss: 1.2526432540965629