prcauc: 0.3434186191771479
rocauc: 0.6585466572168482
