test_prcauc: 0.3523570997738659
test_rocauc: 0.6665931098294942
test_OGBNanLabelloss: 0.3035322036160979
train_prcauc: 0.5605647201330974
train_rocauc: 0.8740649415671448
train_OGBNanLabelloss: 0.14145344551374664
val_prcauc: 0.37547527129186564
val_rocauc: 0.6803335500483644
val_OGBNanLabelloss: 0.25938084167103437
