prcauc: 0.8131343684952408
rocauc: 0.8553295079116675
