test_mae: 0.4119396507740021
test_rmse: 0.5734170079231262
test_loss: 0.41193963693720953
train_mae: 0.10768915712833405
train_rmse: 0.15790723264217377
train_loss: 0.1076891671511389
val_mae: 0.3907374143600464
val_rmse: 0.5388261675834656
val_loss: 0.3907373973301479
