test_mae: 0.42901748418807983
test_rmse: 0.6054823398590088
test_loss: 0.4290174927030291
train_mae: 0.13257300853729248
train_rmse: 0.19531230628490448
train_loss: 0.13257301323825404
val_mae: 0.39756596088409424
val_rmse: 0.5374937653541565
val_loss: 0.39756595183696064
