test_prcauc: 0.08739224749829544
test_rocauc: 0.7580118035058131
test_loss: 0.018002520754813848
train_prcauc: 0.7854238570957216
train_rocauc: 0.9985132011092333
train_loss: 0.005820686180863291
val_prcauc: 0.12978166897827606
val_rocauc: 0.8697442772320416
val_loss: 0.012101877263150457