test_prcauc: 0.7976447041948245
test_rocauc: 0.813075986784907
test_loss: 1.38028827868402
train_prcauc: 0.9586803662221188
train_rocauc: 0.9718864155251142
train_loss: 0.21197801028809896
val_prcauc: 0.9506765524448193
val_rocauc: 0.7505494505494505
val_loss: 1.098718931277593
