test_mae: 0.9363519734587291
test_rmse: 1.1718660982336124
test_loss: 1.373270152189271
train_mae: 0.24069606030619106
train_rmse: 0.30358236718820775
train_loss: 0.23658407479524612
val_mae: 0.8922742775367426
val_rmse: 1.089375212892168
val_loss: 1.1867383544638563