test_prcauc: 0.352374623568742
test_rocauc: 0.7545656940258411
test_loss: 0.2733337853103876
train_prcauc: 0.6790917535353106
train_rocauc: 0.9322444472975352
train_loss: 0.14035257428395945
val_prcauc: 0.36650660291864673
val_rocauc: 0.7887375723392713
val_loss: 0.25831495188176634
