test_prcauc: 0.7956546970382001
test_rocauc: 0.7612589114936532
test_loss: 2.6451003259668746
train_prcauc: 1.0
train_rocauc: 1.0
train_loss: 0.0003326920011271041
val_prcauc: 0.9476304130786042
val_rocauc: 0.735897435897436
val_loss: 1.4454739292462666
