test_prcauc: 0.968581782456154
test_rocauc: 0.9042194092827003
test_loss: 0.3917912244796753
train_prcauc: 0.998982190206715
train_rocauc: 0.9967211049082074
train_loss: 0.1314452159938063
val_prcauc: 0.956699867136371
val_rocauc: 0.9075652173913044
val_loss: 0.45873476564884186