test_mae: 0.6867094039916992
test_rmse: 1.1029099225997925
test_loss: 0.6329084098339081
train_mae: 0.30686867237091064
train_rmse: 0.5159683227539062
train_loss: 0.3056604094230212
val_mae: 0.6640403270721436
val_rmse: 1.0412248373031616
val_loss: 0.7212479710578918
