test_mae: 3.020502267843112
test_rmse: 3.8359327975523785
test_loss: 14.714380427338018
train_mae: 0.6198316019796811
train_rmse: 0.7975191924935645
train_loss: 1.299941062927246
val_mae: 3.283301445264369
val_rmse: 4.816582138701899
val_loss: 23.199463498862166