test_mae: 0.7639589309692383
test_rmse: 0.9863551259040833
test_loss: 0.7554618641734123
train_mae: 0.25605306029319763
train_rmse: 0.3861405849456787
train_loss: 0.25558295392471814
val_mae: 0.7645226120948792
val_rmse: 0.9926199316978455
val_loss: 0.7546864449977875
