prcauc: 0.810051174976312
rocauc: 0.8144670492088333 