test_prcauc: 0.4448942784197322
test_rocauc: 0.8341418051127579
test_loss: 0.1962046944184392
train_prcauc: 0.7097386976189527
train_rocauc: 0.9412165018490137
train_loss: 0.14463294177523398
val_prcauc: 0.43947541323767253
val_rocauc: 0.8415612535619221
val_loss: 0.19288045333809256