test_prcauc: 0.793779704456714
test_rocauc: 0.7673448095983307
test_loss: 1.4567076712846756
train_prcauc: 0.9999612690586469
train_rocauc: 0.9999743150684931
train_loss: 0.03331876421210969
val_prcauc: 0.9642409082282855
val_rocauc: 0.7967032967032966
val_loss: 1.175715943177541
