test_prcauc: 0.3327228887110156
test_rocauc: 0.6418412216859223
test_loss: 0.31075755943512096
train_prcauc: 0.5078584555920318
train_rocauc: 0.8482474119395292
train_loss: 0.1448366637666558
val_prcauc: 0.37444762841589035
val_rocauc: 0.6770282258785484
val_loss: 0.2607001928162986
