test_prcauc: 0.23948654809773498
test_rocauc: 0.749987446648255
test_loss: 0.4405041336000938
train_prcauc: 0.5323441468811977
train_rocauc: 0.9043644118362297
train_loss: 0.12405563566711482
val_prcauc: 0.27724509892348365
val_rocauc: 0.829358955516363
val_loss: 0.7958577149547637
