mean_pred: -3.411024332046509
std_pred: 2.1707327365875244
mean_targets: -3.7976016998291016
std_targets: 2.129075765609741
mae: 0.9637837409973145
rmse: 1.3128777742385864
ogbg-molesol: 1.3128777742385864
L1Loss: 0.9636495560407639
