mae: 0.9637837409973145
rmse: 1.3128777742385864
