test_prcauc: 0.7766539114173693
test_rocauc: 0.8055990262563033
test_loss: 2.582330245214204
train_prcauc: 1.0
train_rocauc: 1.0
train_loss: 0.0016717570187898762
val_prcauc: 0.956040504874841
val_rocauc: 0.7673992673992674
val_loss: 1.6255565186341603
