test_prcauc: 0.604642341448911
test_rocauc: 0.5558498614002622
test_loss: 0.7815701246261597
train_prcauc: 0.7401534665052517
train_rocauc: 0.7814855225158653
train_loss: 0.4629622788892852
val_prcauc: 0.6582033391629359
val_rocauc: 0.6129859481103984
val_loss: 0.5635281443595886
