test_prcauc: 0.34898528207731294
test_rocauc: 0.7326016347462029
test_loss: 0.26201677408087987
train_prcauc: 0.5936919713893853
train_rocauc: 0.9133956375787413
train_loss: 0.1596331223562635
val_prcauc: 0.36509160290294185
val_rocauc: 0.788548229713547
val_loss: 0.2795898448386729