mae: 0.49538666009902954
rmse: 0.6742154359817505
