test_prcauc: 0.6136182924189169
test_rocauc: 0.6358894105372979
test_loss: 1.1025639772415161
train_prcauc: 0.7736989725876438
train_rocauc: 0.8547802511415525
train_loss: 0.5646483047158106
val_prcauc: 0.9464893737113048
val_rocauc: 0.7164835164835165
val_loss: 1.3079698085784912