test_prcauc: 0.7402272044311644
test_rocauc: 0.8589952109876209
test_OGBNanLabelloss: 0.17641024366021157
train_prcauc: 0.9178078718110583
train_rocauc: 0.977872269271005
train_OGBNanLabelloss: 0.1075360261524717
val_prcauc: 0.7622730093840853
val_rocauc: 0.9391029362274945
val_OGBNanLabelloss: 0.1122978575527668
