test_prcauc: 0.5959009124592325
test_rocauc: 0.5406129856450277
test_loss: 0.6693814396858215
train_prcauc: 0.8009512068613195
train_rocauc: 0.8387946579372811
train_loss: 0.41916412272594367
val_prcauc: 0.6423082852127967
val_rocauc: 0.5767583963948683
val_loss: 0.6413306593894958