positive_similarity: 0.9382420621420208
negative_similarity: 0.5011242847693594
contrastive_accuracy: 0.7563435498036837
true_negative_rate: 0.5126870964702807
true_positive_rate: 1.0
uniformity: -2.6150499519548918
alignment: 0.17316681303476034
batch_variance: 0.10491253278757397
dimension_covariance: 9.73503981520863e-05
NTXent: -1.087685597570319
mean_pred: -9.84693634133069e-05
std_pred: 0.054757571534106604
mean_targets: -0.00010287849665090969
std_targets: 0.0548165999352932
