test_prcauc: 0.8458089927492928
test_rocauc: 0.8658494023209143
test_loss: 0.5244908243079077
train_prcauc: 0.9691077836385438
train_rocauc: 0.9745979889667045
train_loss: 0.2765651482247537
val_prcauc: 0.8243435729529062
val_rocauc: 0.9022060801721818
val_loss: 0.461380579254844
