test_prcauc: 0.4370755593592782
test_rocauc: 0.7505755940309836
test_loss: 0.20698368947866352
train_prcauc: 0.5781810435327887
train_rocauc: 0.8782184968679257
train_loss: 0.14558838776762212
val_prcauc: 0.4178790520394126
val_rocauc: 0.7413116211032209
val_loss: 0.20756064459334972
