mae: 0.8234064197898967
rmse: 1.0890756616424409 