test_prcauc: 0.6562591915565752
test_rocauc: 0.6226224218860155
test_loss: 0.5382575160927243
train_prcauc: 0.7922809292040108
train_rocauc: 0.8357282395606057
train_loss: 0.3871092564529843
val_prcauc: 0.6267529207500415
val_rocauc: 0.6456730675688128
val_loss: 0.5479146473937564
