test_mae: 2.098562002182007
test_rmse: 2.924546241760254
test_loss: 1.7694318095842998
train_mae: 0.7252020835876465
train_rmse: 1.019671082496643
train_loss: 0.7796451581848992
val_mae: 2.4657325744628906
val_rmse: 3.7788305282592773
val_loss: 2.1255404949188232
