test_prcauc: 0.10884839038777369
test_rocauc: 0.7720781040596235
test_loss: 0.014628650989431167
train_prcauc: 0.2880390588721742
train_rocauc: 0.9591737984637803
train_loss: 0.009543238863631365
val_prcauc: 0.10394243020636039
val_rocauc: 0.8176583854316909
val_loss: 0.01565273050227273