test_prcauc: 0.45202557833864393
test_rocauc: 0.760729970436384
test_loss: 0.2423401593134321
train_prcauc: 0.6321807254397027
train_rocauc: 0.9045564069374118
train_loss: 0.15110400432972929
val_prcauc: 0.43312618682395115
val_rocauc: 0.7504292104636049
val_loss: 0.20165262987901425
