prcauc: 0.6766240142464506
rocauc: 0.8864994960553296
