test_mae: 0.82711261510849
test_rmse: 1.0707893371582031
test_loss: 0.8394230902194977
train_mae: 0.29815635085105896
train_rmse: 0.4220837950706482
train_loss: 0.3041249320462898
val_mae: 0.6411080360412598
val_rmse: 0.8398206830024719
val_loss: 0.6310854256153107
