test_prcauc: 0.7080495671761805
test_rocauc: 0.642650462962963
test_loss: 1.8937705755233765
train_prcauc: 0.9996644270369086
train_rocauc: 0.9982270100432027
train_loss: 0.12467512339010733
val_prcauc: 0.9041382444403172
val_rocauc: 0.9474053999799257
val_loss: 0.5353527665138245