test_prcauc: 0.6547761990380448
test_rocauc: 0.8128584089250339
test_loss: 0.27701104432344437
train_prcauc: 0.9058861965716412
train_rocauc: 0.9834471280821373
train_loss: 0.12697313632816076
val_prcauc: 0.9791184390322321
val_rocauc: 0.9974276896812109
val_loss: 0.07779569327831268
