test_mae: 0.7489264011383057
test_rmse: 0.9361977577209473
test_loss: 0.7489264607429504
train_mae: 0.4150844216346741
train_rmse: 0.5533677339553833
train_loss: 0.4150844128536327
val_mae: 0.7121502161026001
val_rmse: 0.8786999583244324
val_loss: 0.7121502246175494
