test_prcauc: 0.04304302357605132
test_rocauc: 0.6714278627510573
test_loss: 0.02584430664084832
train_prcauc: 0.31486385914910997
train_rocauc: 0.9877985986853998
train_loss: 0.12206234109686871
val_prcauc: 0.07873943124811168
val_rocauc: 0.7421595145735791
val_loss: 0.04067847493752782
