test_mae: 0.5875126723632926
test_rmse: 0.7470362170909516
test_loss: 0.5496421206335486
train_mae: 0.3424954392326819
train_rmse: 0.444550213716495
train_loss: 0.24784753152302333
val_mae: 0.568110853966148
val_rmse: 0.7376511551572468
val_loss: 0.5315376337298844