test_prcauc: 0.2695734470557041
test_rocauc: 0.7188125246410694
test_loss: 0.484280319125564
train_prcauc: 0.3735932613603254
train_rocauc: 0.8383413468418813
train_loss: 0.1836895082484592
val_prcauc: 0.2917936948024888
val_rocauc: 0.7601584039386533
val_loss: 0.5978407771499069
