prcauc: 0.7160168620613198
rocauc: 0.8666840440690926
