test_prcauc: 0.6427168968220154
test_rocauc: 0.8866578049143838
test_loss: 0.18186835944652557
train_prcauc: 0.7891879783182412
train_rocauc: 0.9300844465981832
train_loss: 0.16233215383458705
val_prcauc: 0.5876556936108579
val_rocauc: 0.715060325236676
val_loss: 0.30599600076675415