test_mae: 0.6166640165196288
test_rmse: 0.7988995016417976
test_loss: 0.6326920340874486
train_mae: 0.310391363176325
train_rmse: 0.39772454775148347
train_loss: 0.21429118067026137
val_mae: 0.5964314611316437
val_rmse: 0.778726904189008
val_loss: 0.5913289882111231