test_prcauc: 0.7193785387731777
test_rocauc: 0.8341796128314739
test_loss: 0.22639201804995537
train_prcauc: 0.9377951835469049
train_rocauc: 0.9889947986643897
train_loss: 0.0743236402864568
val_prcauc: 0.9742063492063491
val_rocauc: 0.9988262910798122
val_loss: 0.05197263262234628
