prcauc: 0.2401980336100055
rocauc: 0.7665231078236351 