test_prcauc: 0.23441463244647123
test_rocauc: 0.7702640066436199
test_loss: 0.12245859402944059
train_prcauc: 0.4790917959632327
train_rocauc: 0.8660926120754737
train_loss: 0.11335940400131905
val_prcauc: 0.363251927569745
val_rocauc: 0.8197567607289828
val_loss: 0.08152279959005468