mae: 0.6207727429909367
rmse: 0.7904369578211344 