test_prcauc: 0.2570147383029411
test_rocauc: 0.7683790725969988
test_loss: 0.21670147528925884
train_prcauc: 0.7404626966226588
train_rocauc: 0.9631334751957443
train_loss: 0.06903221695823977
val_prcauc: 0.20879514855386164
val_rocauc: 0.81322261414854
val_loss: 0.620041250094326
