test_prcauc: 0.3238191386544892
test_rocauc: 0.6457996050560093
test_loss: 1.3263460438826988
train_prcauc: 0.48510774360520437
train_rocauc: 0.8236950797790533
train_loss: 0.1697665352748471
val_prcauc: 0.37368308897988756
val_rocauc: 0.682165875140043
val_loss: 0.5371134080763521
