test_mae: 1.4140239960327743
test_rmse: 2.042867263604476
test_loss: 4.173306656706838
train_mae: 0.5370570876337077
train_rmse: 0.6773978474941692
train_loss: 0.8176076412200928
val_mae: 2.036846045702696
val_rmse: 2.8534833716594847
val_loss: 8.142367352337182