test_prcauc: 0.35084949248396646
test_rocauc: 0.6555238489379299
test_loss: 0.3453053333635988
train_prcauc: 0.568174997833247
train_rocauc: 0.8741231385153092
train_loss: 0.13881475429607792
val_prcauc: 0.38188510707386497
val_rocauc: 0.6926502141803926
val_loss: 0.31325761460024737
