test_prcauc: 0.5854456248249315
test_rocauc: 0.5067830263783117
test_loss: 0.638001811504364
train_prcauc: 0.7110015430596475
train_rocauc: 0.7436939334943297
train_loss: 0.4662481149037679
val_prcauc: 0.6484401226054562
val_rocauc: 0.5843883549937278
val_loss: 0.6024293303489685
