test_prcauc: 0.7728455930939439
test_rocauc: 0.7563901930099113
test_loss: 2.07367975016435
train_prcauc: 0.9997573581293437
train_rocauc: 0.9998373287671233
train_loss: 0.04949767760387281
val_prcauc: 0.9479416691911235
val_rocauc: 0.7205128205128205
val_loss: 1.1074012617270153
