test_prcauc: 0.6366252184537432
test_rocauc: 0.6044311315854475
test_loss: 0.5377568602561951
train_prcauc: 0.7834230895449243
train_rocauc: 0.8238851037224277
train_loss: 0.4198840351842524
val_prcauc: 0.6624254574021696
val_rocauc: 0.6259963771982271
val_loss: 0.5122555494308472