prcauc: 0.6521813746747418
rocauc: 0.5976296230356773 