test_prcauc: 0.8740426598231759
test_rocauc: 0.8314373420007223
test_loss: 0.7178464261814952
train_prcauc: 0.9753145182574519
train_rocauc: 0.9796740069084628
train_loss: 0.20585708775454098
val_prcauc: 0.5170799923325256
val_rocauc: 0.8153276955602538
val_loss: 0.5913655422627926
