test_prcauc: 0.6351610145175398
test_rocauc: 0.5922803447773156
test_loss: 0.7367526590824127
train_prcauc: 0.9364402625079925
train_rocauc: 0.9584780073146282
train_loss: 0.27890969361145
val_prcauc: 0.6333417056906909
val_rocauc: 0.5721644825941855
val_loss: 0.8201006650924683