test_mae: 0.9826350649153486
test_rmse: 1.2132374404529853
test_loss: 1.471945086916911
train_mae: 0.4264637217295124
train_rmse: 0.5616460696978004
train_loss: 0.5519073605537415
val_mae: 0.8604756637384905
val_rmse: 1.0874571725420086
val_loss: 1.18256310211306