test_prcauc: 0.6145576604942699
test_rocauc: 0.5676836848308993
test_loss: 0.6532296419143677
train_prcauc: 0.8566365153774561
train_rocauc: 0.9078795974258632
train_loss: 0.30105095770623946
val_prcauc: 0.6925210773080865
val_rocauc: 0.6675708179766789
val_loss: 0.8269738554954529
