test_mae: 0.6783712691710546
test_rmse: 0.9123372290151015
test_loss: 0.8323592194469537
train_mae: 0.5114149304868657
train_rmse: 0.6989146266824386
train_loss: 0.872079998254776
val_mae: 0.9396877476099937
val_rmse: 1.4722506555668582
val_loss: 2.167521992817043