test_prcauc: 0.05661605362493757
test_rocauc: 0.6794598356148372
test_loss: 0.034300159803145144
train_prcauc: 0.9919641925431234
train_rocauc: 0.9999867653280097
train_loss: 0.0006859102067212675
val_prcauc: 0.17450172453993332
val_rocauc: 0.7435431602781031
val_loss: 0.029265019890866825
