test_prcauc: 0.8165778638696144
test_rocauc: 0.8054251434533125
test_loss: 1.0371272563934326
train_prcauc: 0.9930099765029816
train_rocauc: 0.9949486301369863
train_loss: 0.19831319211243176
val_prcauc: 0.9411016372848464
val_rocauc: 0.716849816849817
val_loss: 0.9942625164985657