test_mae: 0.7246574264867675
test_rmse: 0.9129989900619144
test_loss: 0.829036675663237
train_mae: 0.2038014242929362
train_rmse: 0.25465481930227324
train_loss: 0.12075431272387505
val_mae: 0.7438797456778231
val_rmse: 0.9381449506976631
val_loss: 0.8951562280634828