mae: 0.7006490849439232
rmse: 0.8678417961683248 