test_prcauc: 0.7178413933886795
test_rocauc: 0.6658950617283952
test_loss: 1.1529120206832886
train_prcauc: 0.98216352946398
train_rocauc: 0.9253492678000336
train_loss: 0.2610041574270685
val_prcauc: 0.8517078602132048
val_rocauc: 0.9210077285958045
val_loss: 0.4912521243095398