prcauc: 0.6405486306526834
rocauc: 0.6171055297735071
