test_prcauc: 0.6215616438636411
test_rocauc: 0.5875759024405331
test_loss: 0.570723831653595
train_prcauc: 0.8442275072375337
train_rocauc: 0.889264718086129
train_loss: 0.3249475277132458
val_prcauc: 0.6732507922167514
val_rocauc: 0.6432299532520461
val_loss: 0.5150351583957672
