test_prcauc: 0.1938702642984303
test_rocauc: 0.7166032561463141
test_loss: 0.13542405972797153
train_prcauc: 0.29290507240425023
train_rocauc: 0.8049652467507862
train_loss: 0.1288909044986083
val_prcauc: 0.1769199944551526
val_rocauc: 0.7927597736625513
val_loss: 0.17810589203988944
