test_prcauc: 0.4734844528960777
test_rocauc: 0.8514242962026365
test_loss: 0.19893741087531144
train_prcauc: 0.5878413868281354
train_rocauc: 0.9079654235816204
train_loss: 0.15535960094943926
val_prcauc: 0.4393857507108361
val_rocauc: 0.8407840969199363
val_loss: 0.18487460981562454
