prcauc: 0.47149434334206025
rocauc: 0.8536004781778707
