test_prcauc: 0.42465396669947725
test_rocauc: 0.7395379020347028
test_loss: 0.21285070998724118
train_prcauc: 0.5882814711367887
train_rocauc: 0.8838322588810822
train_loss: 0.1464967665758299
val_prcauc: 0.4081550356734113
val_rocauc: 0.7388564456682641
val_loss: 0.2111540587488995
