test_prcauc: 0.13316332736473277
test_rocauc: 0.7627893168838867
test_loss: 0.015784329650756854
train_prcauc: 0.5657754384997148
train_rocauc: 0.9855628344404378
train_loss: 0.37065125612827404
val_prcauc: 0.1782330853163666
val_rocauc: 0.750789573305116
val_loss: 0.014306724857712063
