test_prcauc: 0.771338219703142
test_rocauc: 0.7777777777777778
test_loss: 1.4342864751815796
train_prcauc: 1.0
train_rocauc: 1.0
train_loss: 0.04858488251031605
val_prcauc: 0.9509653486179938
val_rocauc: 0.743956043956044
val_loss: 1.360008955001831