test_prcauc: 0.626823706129227
test_rocauc: 0.6064385156010302
test_loss: 0.6353186964988708
train_prcauc: 0.8795737842488149
train_rocauc: 0.9212262632981627
train_loss: 0.3414803335541325
val_prcauc: 0.6516223247604571
val_rocauc: 0.5834816690227123
val_loss: 0.6644376516342163