prcauc: 0.795253699939011
rocauc: 0.8102938619370543
