test_prcauc: 0.42993893538556227
test_rocauc: 0.801557196183583
test_loss: 0.12329824675213207
train_prcauc: 0.6626211172258296
train_rocauc: 0.9586281403551258
train_loss: 0.08586488895262359
val_prcauc: 0.4053604233881294
val_rocauc: 0.8106188772146844
val_loss: 0.12567296037168213