prcauc: 0.21327363312804618
rocauc: 0.7463546997817648 