test_prcauc: 0.6174926324945242
test_rocauc: 0.7396469780697181
test_loss: 0.28128519654273987
train_prcauc: 0.8848325295948389
train_rocauc: 0.9792467480861555
train_loss: 0.12841923389214013
val_prcauc: 0.6715150813385153
val_rocauc: 0.896372993203979
val_loss: 0.1907884180545807