prcauc: 0.6093044718969045
rocauc: 0.7390978521530602 