test_mae: 1.6824301481246948
test_rmse: 2.2820053100585938
test_loss: 1.5997708638509114
train_mae: 0.6617543697357178
train_rmse: 1.1649426221847534
train_loss: 0.6519102967447705
val_mae: 2.1894686222076416
val_rmse: 3.2239701747894287
val_loss: 1.8802518049875896
