test_mae: 1.3041926558315753
test_rmse: 1.8864027527129363
test_loss: 3.5585153454429435
train_mae: 0.5141600355826712
train_rmse: 0.6683012656178643
train_loss: 0.7361927926540375
val_mae: 1.7033880139142275
val_rmse: 2.5499164919442046
val_loss: 6.502074115889038