mae: 1.307481555379927
rmse: 1.8964984202748572 