test_prcauc: 0.7158777446301376
test_rocauc: 0.6734182098765432
test_loss: 1.6328035593032837
train_prcauc: 0.9997078787913021
train_rocauc: 0.9984598552432251
train_loss: 0.09286437340959097
val_prcauc: 0.9012184787589468
val_rocauc: 0.9267288969185987
val_loss: 0.6354615688323975