test_mae: 0.9882548011625764
test_rmse: 1.2181552463992529
test_loss: 1.4839022043300245
train_mae: 0.23844514895507554
train_rmse: 0.3085796982005467
train_loss: 0.2654437758028507
val_mae: 0.863400118662193
val_rmse: 1.0804150766953435
val_loss: 1.1672967379506052