mae: 0.9111180609939373
rmse: 1.150286459171911 