mae: 0.5824674367904663
rmse: 0.7797564268112183
