test_prcauc: 0.11793549298184397
test_rocauc: 0.7362515227121038
test_loss: 0.015138958436453085
train_prcauc: 0.20585662565867155
train_rocauc: 0.9258741956646248
train_loss: 0.011031765042375463
val_prcauc: 0.17378338873631033
val_rocauc: 0.7999080646614967
val_loss: 0.01318412894461236