test_prcauc: 0.6326936500234299
test_rocauc: 0.5716193667031286
test_OGBNanLabelloss: 0.6594402432441712
train_prcauc: 0.9052960322831707
train_rocauc: 0.9427516775995559
train_OGBNanLabelloss: 0.24567063194182184
val_prcauc: 0.6860898286426143
val_rocauc: 0.656533846926738
val_OGBNanLabelloss: 0.5562954664230346
