mae: 0.8817202010871734
rmse: 1.1156439102647784 