test_mae: 0.8989624509038295
test_rmse: 1.123846210757031
test_loss: 1.263030305432937
train_mae: 0.30450731763625666
train_rmse: 0.43100665040328745
train_loss: 0.3596216253936291
val_mae: 0.7500965172535569
val_rmse: 0.9596171957107165
val_loss: 0.9208651623036995