test_mae: 0.4317121207714081
test_rmse: 0.5965651273727417
test_loss: 0.43171216760362896
train_mae: 0.210556298494339
train_rmse: 0.3002209961414337
train_loss: 0.21055633133771468
val_mae: 0.4191691279411316
val_rmse: 0.5911867022514343
val_loss: 0.4191691080729167
