prcauc: 0.32385499041773275
rocauc: 0.6226833292027688 