prcauc: 0.6486629192854001
rocauc: 0.8552881015345826 