test_prcauc: 0.6548953502654193
test_rocauc: 0.8594226595008578
test_loss: 0.20900306105613708
train_prcauc: 0.772663685331048
train_rocauc: 0.9222298895604628
train_loss: 0.18290917085783928
val_prcauc: 0.6196954881757266
val_rocauc: 0.7807486631016043
val_loss: 0.23865008354187012