prcauc: 0.17364023917411106
rocauc: 0.7268718978736552 