test_mae: 0.5029786229133606
test_rmse: 0.6795201301574707
test_loss: 0.5295984148979187
train_mae: 0.46983638405799866
train_rmse: 0.6911810636520386
train_loss: 0.47787777748372817
val_mae: 0.6054067015647888
val_rmse: 0.9356037378311157
val_loss: 0.6035994788010915
