prcauc: 0.24479578325954704
rocauc: 0.7676140412082796 