test_prcauc: 0.21657785207658056
test_rocauc: 0.7617311143501669
test_loss: 0.1177602049076196
train_prcauc: 0.7105193563866328
train_rocauc: 0.9581557146340239
train_loss: 0.08567648074964682
val_prcauc: 0.27098361876220656
val_rocauc: 0.7313962052048923
val_loss: 0.15411275873581567