prcauc: 0.3340413321423146
rocauc: 0.6422737106772551 