test_prcauc: 0.6116445806273109
test_rocauc: 0.8149202926027743
test_loss: 0.2536031901836395
train_prcauc: 0.8580260062068759
train_rocauc: 0.9717617089079001
train_loss: 0.14656307346476996
val_prcauc: 0.5780832132335231
val_rocauc: 0.769577063614397
val_loss: 0.26208170503377914