test_prcauc: 0.7181089433235218
test_rocauc: 0.7039930555555556
test_loss: 1.5159154364040919
train_prcauc: 0.9998181543103919
train_rocauc: 0.9991245629784933
train_loss: 0.02650049219585278
val_prcauc: 0.9117205178595594
val_rocauc: 0.9533008065319128
val_loss: 0.4139773701982839
