prcauc: 0.5095771693116581
rocauc: 0.5221818197615821 