test_mae: 0.8466766199592463
test_rmse: 1.2584700400522988
test_loss: 1.5837468417092346
train_mae: 0.5750301645472813
train_rmse: 0.7671891146871087
train_loss: 0.7063588500022888
val_mae: 0.7919348459243776
val_rmse: 1.1480994255586885
val_loss: 1.3181322909681905