test_prcauc: 0.7745940869136716
test_rocauc: 0.7936011128499392
test_loss: 1.6320022561897833
train_prcauc: 0.9973025950424772
train_rocauc: 0.9981963470319635
train_loss: 0.06073287314530916
val_prcauc: 0.9550440276842644
val_rocauc: 0.7663003663003664
val_loss: 1.122644732395808
