test_prcauc: 0.6251503202254642
test_rocauc: 0.6222029320987654
test_loss: 2.6432537266186307
train_prcauc: 0.9997131507364869
train_rocauc: 0.9985920519240099
train_loss: 0.10535608641803265
val_prcauc: 0.9152459256312737
val_rocauc: 0.9546948123070795
val_loss: 0.47848417663148474
