test_prcauc: 0.4872206234535339
test_rocauc: 0.8534898202902049
test_loss: 0.1935203919187188
train_prcauc: 0.6889502143874348
train_rocauc: 0.9378618079692242
train_loss: 0.12856777350270682
val_prcauc: 0.4986100988645141
val_rocauc: 0.8447222684364258
val_loss: 0.19295059610158205
