test_mae: 0.5663403199953693
test_rmse: 0.7336923521592366
test_loss: 0.5257495197515634
train_mae: 0.3558416617502502
train_rmse: 0.4584010589979181
train_loss: 0.3044821683849607
val_mae: 0.5535253018470747
val_rmse: 0.7300090616601239
val_loss: 0.524267737708124