test_mae: 0.3849129378795624
test_rmse: 0.5261121392250061
test_loss: 0.3849129378795624
train_mae: 0.23756542801856995
train_rmse: 0.33885157108306885
train_loss: 0.23756543334041322
val_mae: 0.4440823793411255
val_rmse: 0.636417806148529
val_loss: 0.44408238572733744
