test_prcauc: 0.32179771076886077
test_rocauc: 0.631456002624153
test_loss: 0.3142297578782871
train_prcauc: 0.5359072006047354
train_rocauc: 0.8604995166961882
train_loss: 0.14050235122788785
val_prcauc: 0.3924097022988107
val_rocauc: 0.6841371967543953
val_loss: 0.2598310308209781
