test_prcauc: 0.5548686307071135
test_rocauc: 0.6739899417328328
test_loss: 0.22482959926128387
train_prcauc: 0.6707044873217218
train_rocauc: 0.8558526221061291
train_loss: 0.21870953212239513
val_prcauc: 0.6041671059214981
val_rocauc: 0.7580479776451643
val_loss: 0.24689710140228271