test_prcauc: 0.5340276588707823
test_rocauc: 0.5628180064643937
test_loss: 0.8766212463378906
train_prcauc: 0.9999463058419245
train_rocauc: 0.9999951996927803
train_loss: 0.030840172597510884
val_prcauc: 0.6082328979602312
val_rocauc: 0.8299919564004072
val_loss: 0.29305383563041687