prcauc: 0.6145210474304309
rocauc: 0.5498198554895081
