test_prcauc: 0.2228112735792157
test_rocauc: 0.7714015334401978
test_loss: 1.6882522423028328
train_prcauc: 0.986612919133786
train_rocauc: 0.9991541207695017
train_loss: 0.004046677466540928
val_prcauc: 0.24635532943839625
val_rocauc: 0.8192821624534588
val_loss: 2.097784220094191
