test_prcauc: 0.3301073693546991
test_rocauc: 0.6352855641466018
test_loss: 0.30721178023111945
train_prcauc: 0.44924495635575035
train_rocauc: 0.8175950911877043
train_loss: 0.1882635603994822
val_prcauc: 0.3454482058794161
val_rocauc: 0.6341411929965355
val_loss: 0.2681731703439467