test_prcauc: 0.9774873549553331
test_rocauc: 0.9207149696776252
test_loss: 0.27551686560565775
train_prcauc: 0.9882578369827029
train_rocauc: 0.9670527863229249
train_loss: 0.19698102384184799
val_prcauc: 0.9720551248116969
val_rocauc: 0.9258776158339477
val_loss: 0.2876175838437947
