prcauc: 0.8219454728489602
rocauc: 0.8797268907563026 