test_prcauc: 0.8174654013128755
test_rocauc: 0.8807773109243697
test_loss: 0.5070400238037109
train_prcauc: 0.9594167792386622
train_rocauc: 0.9668899637176623
train_loss: 0.28569231430298697
val_prcauc: 0.8392824176506102
val_rocauc: 0.8899963754983691
val_loss: 0.5290878415107727