test_prcauc: 0.12492540254731728
test_rocauc: 0.7369747590903348
test_loss: 0.017496288983666283
train_prcauc: 0.3924765483645149
train_rocauc: 0.9771179825973282
train_loss: 0.006722554120275284
val_prcauc: 0.0689671007990653
val_rocauc: 0.7680676170931834
val_loss: 0.019254595909656464
