mae: 0.5251541430842033
rmse: 0.7076399240114883 