test_mae: 0.5235269917820671
test_rmse: 0.7045392924763394
test_loss: 0.49637561464306107
train_mae: 0.3747795523021084
train_rmse: 0.4999430441470319
train_loss: 0.5442141691843668
val_mae: 0.5051895353624556
val_rmse: 0.715025619144233
val_loss: 0.5112616360325938