test_mae: 0.4961206427843947
test_rmse: 0.66676071135361
test_loss: 0.4445698462047721
train_mae: 0.352741938510858
train_rmse: 0.4755626348979513
train_loss: 0.35054442286491394
val_mae: 0.49835326336217783
val_rmse: 0.6652843929996366
val_loss: 0.4426033235688949