mae: 0.4936054514413863
rmse: 0.6688168066022941 