test_mae: 2.6086890337988735
test_rmse: 3.312100763602759
test_loss: 10.970011468257978
train_mae: 0.6743965042751362
train_rmse: 0.8981796748731292
train_loss: 1.2654402256011963
val_mae: 2.8608299582637846
val_rmse: 4.0013405661093495
val_loss: 16.010726325992287