test_prcauc: 0.08042871570939407
test_rocauc: 0.753691252048508
test_loss: 0.015878590859414357
train_prcauc: 0.23309273541364922
train_rocauc: 0.9286944848656853
train_loss: 0.010782421271838911
val_prcauc: 0.1890605448894427
val_rocauc: 0.796798830014031
val_loss: 0.021382893961584763
