test_mae: 0.40895703434944153
test_rmse: 0.5628053545951843
test_loss: 0.4089570428643908
train_mae: 0.2198542207479477
train_rmse: 0.3112315237522125
train_loss: 0.21985421223299845
val_mae: 0.43917950987815857
val_rmse: 0.6366775631904602
val_loss: 0.4391794907195227
