test_mae: 2.8375190012855454
test_rmse: 3.5879063922709955
test_loss: 12.87307227969907
train_mae: 0.47124866967652645
train_rmse: 0.585062729362695
train_loss: 0.6368028223514557
val_mae: 3.125453433981165
val_rmse: 4.391352534641072
val_loss: 19.283977083498566