test_prcauc: 0.0921961264875701
test_rocauc: 0.7459612268708841
test_loss: 0.029582955928607834
train_prcauc: 0.8878681755583967
train_rocauc: 0.9998767573195823
train_loss: 0.022482203722114888
val_prcauc: 0.12942601733997672
val_rocauc: 0.7199313772470122
val_loss: 0.025452031510622183
