test_prcauc: 0.7148877151880488
test_rocauc: 0.7867831541218638
test_loss: 0.9452959299087524
train_prcauc: 0.9882828648703915
train_rocauc: 0.9596071452112584
train_loss: 0.23107878865075512
val_prcauc: 0.9946565179778819
val_rocauc: 0.9603729603729604
val_loss: 0.24091294407844543