test_prcauc: 0.4024153705223887
test_rocauc: 0.7358588184343068
test_loss: 0.20543990656733513
train_prcauc: 0.5703485257963423
train_rocauc: 0.8771325901496472
train_loss: 0.14971283710626668
val_prcauc: 0.40970020292864967
val_rocauc: 0.7369454873986621
val_loss: 0.20560924522578716
