test_prcauc: 0.1412237605835226
test_rocauc: 0.7509454584150176
test_loss: 0.016590628648347008
train_prcauc: 0.5125032630888356
train_rocauc: 0.9846643825828828
train_loss: 0.008043399473934334
val_prcauc: 0.2158977544441861
val_rocauc: 0.8328091165102139
val_loss: 0.013296226720330354