test_prcauc: 0.3633954107425688
test_rocauc: 0.7453673567172762
test_loss: 0.2534206225081663
train_prcauc: 0.7216876719859716
train_rocauc: 0.9453458716379067
train_loss: 0.1369417093641631
val_prcauc: 0.39207219328438736
val_rocauc: 0.7916580503220664
val_loss: 0.26921127890311514