prcauc: 0.36508267277097933
rocauc: 0.7436104972371496 