prcauc: 0.6489595711345784
rocauc: 0.8079953428561499 