test_prcauc: 0.5114611390056117
test_rocauc: 0.5458711291836096
test_loss: 0.5556657910346985
train_prcauc: 0.5970332798720032
train_rocauc: 0.7982435845921387
train_loss: 0.4265936046562501
val_prcauc: 0.5880135862466874
val_rocauc: 0.8929257362355953
val_loss: 0.48215314745903015