test_mae: 0.45277827978134155
test_rmse: 0.6040565371513367
test_loss: 0.45277829255376545
train_mae: 0.3493668735027313
train_rmse: 0.48151689767837524
train_loss: 0.3493669018415468
val_mae: 0.47494709491729736
val_rmse: 0.6715445518493652
val_loss: 0.4749471055609839
