test_prcauc: 0.7028652958237369
test_rocauc: 0.6495949074074074
test_loss: 0.9578695893287659
train_prcauc: 0.9658530787966219
train_rocauc: 0.855602311619817
train_loss: 0.37235663253623114
val_prcauc: 0.8233124067009746
val_rocauc: 0.879955836595403
val_loss: 0.6221892833709717