test_mae: 3.7518129348754883
test_rmse: 5.834677219390869
test_loss: 3.665059487024943
train_mae: 0.2757422626018524
train_rmse: 0.5551120042800903
train_loss: 0.3061460745003488
val_mae: 2.963223934173584
val_rmse: 4.177718639373779
val_loss: 2.2315072218577066
