prcauc: 0.3274784341772912
rocauc: 0.758089243552582
