test_mae: 1.939033031463623
test_rmse: 2.6080312728881836
test_loss: 1.7105077107747395
train_mae: 0.6635174751281738
train_rmse: 0.9119961261749268
train_loss: 0.6806671950552199
val_mae: 2.382216453552246
val_rmse: 3.5984668731689453
val_loss: 2.3852290312449136
