test_mae: 0.4471549689769745
test_rmse: 1.0902259349822998
test_loss: 0.4471549998436655
train_mae: 0.1387108564376831
train_rmse: 0.20730610191822052
train_loss: 0.13871087027447565
val_mae: 0.39868155121803284
val_rmse: 0.5402984619140625
val_loss: 0.39868156399045673
