test_mae: 0.49301639199256897
test_rmse: 0.6595426201820374
test_loss: 0.4716638425985972
train_mae: 0.27075573801994324
train_rmse: 0.5735906958580017
train_loss: 0.26073550267351997
val_mae: 0.5523503422737122
val_rmse: 0.785808801651001
val_loss: 0.5630275110403696
