test_prcauc: 0.06864987481084446
test_rocauc: 0.7462655746357578
test_loss: 0.014310067262011898
train_prcauc: 0.07244731403446429
train_rocauc: 0.8560953374512599
train_loss: 0.012039195712663096
val_prcauc: 0.044511888885115286
val_rocauc: 0.7974096693626335
val_loss: 0.01568588447078413