test_prcauc: 0.8386981088305449
test_rocauc: 0.8771008403361344
test_loss: 0.5035712122917175
train_prcauc: 0.9586669277140887
train_rocauc: 0.9655070600869567
train_loss: 0.3057335975075486
val_prcauc: 0.784674682323329
val_rocauc: 0.853932584269663
val_loss: 0.6009742617607117