test_mae: 0.8566740658399279
test_rmse: 1.0986926619750825
test_loss: 1.207125565477893
train_mae: 0.42218324257941153
train_rmse: 0.5668919100196385
train_loss: 0.5872887372970581
val_mae: 0.8577366280513529
val_rmse: 1.0807085751210592
val_loss: 1.16793102434019