prcauc: 0.7590311733773318
rocauc: 0.7117091049382717 