test_prcauc: 0.7582890661821431
test_rocauc: 0.710841049382716
test_loss: 1.013250708580017
train_prcauc: 0.9846765985375927
train_rocauc: 0.9410158222521461
train_loss: 0.24327041105853597
val_prcauc: 0.9046039217509836
val_rocauc: 0.9344574927230752
val_loss: 0.43106451630592346