test_mae: 2.2118831444880924
test_rmse: 2.68101923810829
test_loss: 7.187864155106756
train_mae: 1.3371833446656889
train_rmse: 1.5769732359015702
train_loss: 2.0739701986312866
val_mae: 2.3029614015296103
val_rmse: 2.819549973360883
val_loss: 7.9498620522793555