test_prcauc: 0.971659972507425
test_rocauc: 0.9131184168528567
test_loss: 0.3210054757920178
train_prcauc: 0.9919407719834228
train_rocauc: 0.9757112133503935
train_loss: 0.167267680944254
val_prcauc: 0.9688706323609363
val_rocauc: 0.9304712754494413
val_loss: 0.29542695510793815
