test_prcauc: 0.07142761336937171
test_rocauc: 0.7767377261874361
test_loss: 0.01292497931633423
train_prcauc: 0.4259173515599077
train_rocauc: 0.9708805673330907
train_loss: 0.009034217154104903
val_prcauc: 0.07108318522755852
val_rocauc: 0.8150449557902042
val_loss: 0.01390769381441448