test_prcauc: 0.5214733567249122
test_rocauc: 0.5786748861780142
test_loss: 0.3436383008956909
train_prcauc: 0.7127283598973219
train_rocauc: 0.8551033282478853
train_loss: 0.264213992242056
val_prcauc: 0.581989684290399
val_rocauc: 0.8629822055878393
val_loss: 0.2698901295661926