prcauc: 0.7345122118706728
rocauc: 0.8697728773502937 