test_prcauc: 0.9639370050123452
test_rocauc: 0.9096443640747439
test_loss: 0.3307795524597168
train_prcauc: 0.9968298443355894
train_rocauc: 0.9900975724671427
train_loss: 0.17958631285785076
val_prcauc: 0.9553027547212939
val_rocauc: 0.8995652173913045
val_loss: 0.4165150374174118