test_prcauc: 0.41185372556822314
test_rocauc: 0.8232159215184877
test_loss: 0.2051377677064748
train_prcauc: 0.5684093219855776
train_rocauc: 0.8907011708134269
train_loss: 0.1723207639013895
val_prcauc: 0.4300769366893185
val_rocauc: 0.8356440308692731
val_loss: 0.19712948801820457