prcauc: 0.16994114404195293
rocauc: 0.7372100658568146 