test_prcauc: 0.09895268308154956
test_rocauc: 0.6780713329201199
test_loss: 0.017594562298423606
train_prcauc: 0.354177424086662
train_rocauc: 0.9657768599578875
train_loss: 0.007663685714100818
val_prcauc: 0.15517273335880247
val_rocauc: 0.7305223163185958
val_loss: 0.016445470288458768
