test_prcauc: 0.6559656905610844
test_rocauc: 0.8072816217675067
test_loss: 0.19465575693175197
train_prcauc: 0.9404984544651731
train_rocauc: 0.9840994813362658
train_loss: 0.08863487845020634
val_prcauc: 0.8732706673310047
val_rocauc: 0.9641847341047578
val_loss: 0.09997421316802502
