test_prcauc: 0.20582666743625697
test_rocauc: 0.7628807045327257
test_loss: 0.11956836831043749
train_prcauc: 0.41280179270133355
train_rocauc: 0.8560226688354747
train_loss: 0.11591188764079498
val_prcauc: 0.2691615803243167
val_rocauc: 0.833939594356261
val_loss: 0.07578258008203086