mae: 0.6589304208755493
rmse: 0.9083871841430664
