prcauc: 0.21238354608333784
rocauc: 0.7506131829506171
