test_mae: 0.8139267563819885
test_rmse: 1.3300315141677856
test_loss: 0.8037432879209518
train_mae: 0.33754828572273254
train_rmse: 0.45303699374198914
train_loss: 0.3351946833633607
val_mae: 0.7210943102836609
val_rmse: 0.9893205761909485
val_loss: 0.7089597582817078
