test_prcauc: 0.12261330100597352
test_rocauc: 0.7854721884181005
test_loss: 0.05680068977415434
train_prcauc: 0.8638391159911595
train_rocauc: 0.9993312400505064
train_loss: 0.019174144853905648
val_prcauc: 0.10173665083863684
val_rocauc: 0.7727119407069063
val_loss: 0.02032209527511886
