test_prcauc: 0.21551684665490428
test_rocauc: 0.7664434695113111
test_loss: 0.10769676424562931
train_prcauc: 0.5784641959921354
train_rocauc: 0.9132255661869618
train_loss: 0.10277031620165387
val_prcauc: 0.32332251137529056
val_rocauc: 0.7454255710232988
val_loss: 0.11875606209039688