test_prcauc: 0.4310742517215986
test_rocauc: 0.7514633473684589
test_loss: 0.20802807530691458
train_prcauc: 0.5521446373337338
train_rocauc: 0.8659090870614645
train_loss: 0.16310797742943264
val_prcauc: 0.40216837878232303
val_rocauc: 0.7398651719230823
val_loss: 0.21538409971913627
