test_prcauc: 0.6177910450167761
test_rocauc: 0.6209513002221212
test_loss: 0.5541125535964966
train_prcauc: 0.7705193791640527
train_rocauc: 0.8099805796831452
train_loss: 0.4284180097162773
val_prcauc: 0.6900193125118103
val_rocauc: 0.6670396058085696
val_loss: 0.4935758113861084