test_mae: 0.5862864653315164
test_rmse: 0.8058721325287238
test_loss: 0.6494298939863933
train_mae: 0.36697766846105373
train_rmse: 0.4787536541769273
train_loss: 0.37176550428072613
val_mae: 0.5244631698065334
val_rmse: 0.7145335739246035
val_loss: 0.5105582282654668