prcauc: 0.16644915387707068
rocauc: 0.7420488243311563 