test_prcauc: 0.1891161305008123
test_rocauc: 0.7422705649655711
test_loss: 0.11378141740957896
train_prcauc: 0.6600136096900465
train_rocauc: 0.9429750751170679
train_loss: 0.09264742318163677
val_prcauc: 0.24985101658572856
val_rocauc: 0.7268784891963345
val_loss: 0.14356144766012827