test_prcauc: 0.8268164569855851
test_rocauc: 0.9260196754272584
test_OGBNanLabelloss: 0.12754597049206495
train_prcauc: 0.8516293347881236
train_rocauc: 0.9660583015699331
train_OGBNanLabelloss: 0.12020580859056541
val_prcauc: 0.9302606496621111
val_rocauc: 0.9826015913611821
val_OGBNanLabelloss: 0.1213780923280865
