mae: 0.5141362540182614
rmse: 0.6819701668743476 