test_mae: 0.5125628226108494
test_rmse: 0.6774831210094717
test_loss: 0.4657740313731552
train_mae: 0.33994126377940653
train_rmse: 0.43381284343388343
train_loss: 0.2662301495671272
val_mae: 0.4594893294565734
val_rmse: 0.6255330799276626
val_loss: 0.39166964145188643