test_prcauc: 0.3438430063815722
test_rocauc: 0.6375681283375226
test_loss: 0.3585207734642358
train_prcauc: 0.48443349268554103
train_rocauc: 0.8262697939023884
train_loss: 0.15889474440479903
val_prcauc: 0.3692951217354673
val_rocauc: 0.6743889436521521
val_loss: 0.2969891156615882
