test_prcauc: 0.6387705932183833
test_rocauc: 0.5943683793472159
test_loss: 0.5752759244706895
train_prcauc: 0.8517797809348037
train_rocauc: 0.9019333194961219
train_loss: 0.31821146497020014
val_prcauc: 0.6499560651808627
val_rocauc: 0.6077594623831197
val_loss: 0.5892733037471771
