prcauc: 0.8999877321497132
rocauc: 0.8301733477789817 