test_prcauc: 0.9152485799325674
test_rocauc: 0.8337847598410979
test_loss: 0.6622895002365112
train_prcauc: 0.9610950985575276
train_rocauc: 0.9698582325849164
train_loss: 0.2802674059027862
val_prcauc: 0.4857321125357905
val_rocauc: 0.764693446088795
val_loss: 0.7854323983192444