test_prcauc: 0.39542193057541897
test_rocauc: 0.7285032923322878
test_loss: 0.213278425444375
train_prcauc: 0.5931854306133792
train_rocauc: 0.8966302889225642
train_loss: 0.17284556089013017
val_prcauc: 0.37969597935434063
val_rocauc: 0.7238653381175973
val_loss: 0.20182609988365585