test_mae: 0.7668888568878174
test_rmse: 1.0839107036590576
test_loss: 0.7696108341217041
train_mae: 0.49654313921928406
train_rmse: 0.7636256814002991
train_loss: 0.4979686507811913
val_mae: 0.7079967260360718
val_rmse: 1.142946481704712
val_loss: 0.7759130120277404
