test_mae: 0.5693936347961426
test_rmse: 0.7423688769340515
test_loss: 0.5693936369248799
train_mae: 0.25058645009994507
train_rmse: 0.33772969245910645
train_loss: 0.25058647577783894
val_mae: 0.5667722821235657
val_rmse: 0.7236452102661133
val_loss: 0.5667723055396762
