test_prcauc: 0.39846447477384855
test_rocauc: 0.7962228259937358
test_loss: 0.20295170888982036
train_prcauc: 0.7492064454960339
train_rocauc: 0.9786820372628837
train_loss: 0.07348344126096129
val_prcauc: 0.4288350459918393
val_rocauc: 0.8409243204484713
val_loss: 0.1496162397905507
