test_prcauc: 0.585119960924243
test_rocauc: 0.6424508219511349
test_loss: 0.47986340522766113
train_prcauc: 1.0
train_rocauc: 1.0
train_loss: 0.02272555333609011
val_prcauc: 0.7130331067596849
val_rocauc: 0.8854230276765488
val_loss: 0.11540550738573074