test_prcauc: 0.0836654395273707
test_rocauc: 0.7660635565181736
test_loss: 0.014759397161479608
train_prcauc: 0.16121980191891322
train_rocauc: 0.9240555880857564
train_loss: 0.010977789102293392
val_prcauc: 0.18122240844064838
val_rocauc: 0.7823495925399027
val_loss: 0.013037787914097368