test_prcauc: 0.18779247716152836
test_rocauc: 0.7190830259371561
test_loss: 0.2604691879756317
train_prcauc: 0.6004737782069627
train_rocauc: 0.9460562518018153
train_loss: 0.15272646697718606
val_prcauc: 0.2494850292721727
val_rocauc: 0.807172251616696
val_loss: 0.2618491867493055
