test_prcauc: 0.15025148582514308
test_rocauc: 0.7271654531759979
test_loss: 2.4421879734919076
train_prcauc: 0.9475932756649009
train_rocauc: 0.9995113056604579
train_loss: 0.14628508198867987
val_prcauc: 0.13170372810907247
val_rocauc: 0.7872973006074857
val_loss: 1.9039717273367223
