test_mae: 1.225068400020884
test_rmse: 1.5862583060212212
test_loss: 2.5162154134213144
train_mae: 0.425086200103296
train_rmse: 0.59060925333865
train_loss: 0.2866869072119395
val_mae: 1.2961950487833551
val_rmse: 1.6617490631637137
val_loss: 2.76140994892548