test_prcauc: 0.7805463695959303
test_rocauc: 0.8543766578249337
test_loss: 0.5242616832256317
train_prcauc: 0.9517636611243352
train_rocauc: 0.9618058617749948
train_loss: 0.29573609291641195
val_prcauc: 0.8234818268502018
val_rocauc: 0.8428351985955672
val_loss: 0.5637576282024384