test_prcauc: 0.18310863813023043
test_rocauc: 0.7439734255199986
test_loss: 0.1270749608383459
train_prcauc: 0.4425048227030883
train_rocauc: 0.8583294793794415
train_loss: 0.12001606567358834
val_prcauc: 0.3384543108003181
val_rocauc: 0.8330914413090339
val_loss: 0.08199439153951757