test_prcauc: 0.10720076024307972
test_rocauc: 0.7720149258673947
test_loss: 0.015105079895905876
train_prcauc: 0.34084949958344535
train_rocauc: 0.9659830569922869
train_loss: 0.008897977996319952
val_prcauc: 0.03920736312446188
val_rocauc: 0.7746446674489597
val_loss: 0.016821710389617286