test_prcauc: 0.5945788045126301
test_rocauc: 0.7917874396135266
test_OGBNanLabelloss: 2.5610304355621336
train_prcauc: 0.9999933932593221
train_rocauc: 0.9999091734786558
train_OGBNanLabelloss: 0.012721934163710102
val_prcauc: 0.6971194398336769
val_rocauc: 0.9238427065891854
val_OGBNanLabelloss: 0.4080257713794708
