test_prcauc: 0.16569039814339057
test_rocauc: 0.7755591786703689
test_loss: 0.019394288803233656
train_prcauc: 0.8691681233456847
train_rocauc: 0.9987180853792241
train_loss: 0.0026386387929143063
val_prcauc: 0.18605917661699795
val_rocauc: 0.7994913438141981
val_loss: 0.014819060115330726
