test_mae: 1.3051023451983927
test_rmse: 1.895782731138825
test_loss: 3.5939921636841814
train_mae: 0.5150393560651231
train_rmse: 0.6681795620615234
train_loss: 0.7338762581348419
val_mae: 1.7197871739417314
val_rmse: 2.582987746540311
val_loss: 6.671825698777393