mae: 1.3136019810289143
rmse: 1.9008345610404829 