prcauc: 0.6960028804399361
rocauc: 0.8119769401869809 