mae: 0.6948947095993869
rmse: 0.9474904057039388 