test_mae: 0.7039406017544344
test_rmse: 0.9573058635604023
test_loss: 0.9164345164071277
train_mae: 0.4836675887193189
train_rmse: 0.6207080770420803
train_loss: 0.4847801923751831
val_mae: 0.7193450605681069
val_rmse: 1.0552135780610035
val_loss: 1.1134756953243055