prcauc: 0.44527012137867134
rocauc: 0.8544246287355864
