test_prcauc: 0.4711260725039566
test_rocauc: 0.8429144846252741
test_loss: 0.2024943190363218
train_prcauc: 0.6850828964259623
train_rocauc: 0.9346577549977564
train_loss: 0.130254405366767
val_prcauc: 0.43919084160150795
val_rocauc: 0.8432407292080998
val_loss: 0.18676841708849062
