prcauc: 0.7181997560011072
rocauc: 0.6815200617283952
