test_mae: 0.9263310068492341
test_rmse: 1.188428796136472
test_loss: 1.412363003486384
train_mae: 0.23157990240005488
train_rmse: 0.30641209688467075
train_loss: 0.2079925872385502
val_mae: 0.9155139109455379
val_rmse: 1.0821911908291832
val_loss: 1.1711377735082853