test_prcauc: 0.8627911223949323
test_rocauc: 0.8397435897435898
test_loss: 0.7826655986718833
train_prcauc: 0.9941944745523572
train_rocauc: 0.9950273459988486
train_loss: 0.10383080277178022
val_prcauc: 0.5846969745350871
val_rocauc: 0.8260042283298097
val_loss: 0.6901793405413628
