prcauc: 0.6249043634870438
rocauc: 0.6082000203536302 