test_prcauc: 0.6249642152339134
test_rocauc: 0.608208761302555
test_loss: 0.519426167011261
train_prcauc: 0.7577477298001434
train_rocauc: 0.7957172016727105
train_loss: 0.44102218925153064
val_prcauc: 0.6513442838165123
val_rocauc: 0.5958891386627606
val_loss: 0.5005262494087219