test_prcauc: 0.6322729903104451
test_rocauc: 0.6158371913580247
test_loss: 2.616738430091313
train_prcauc: 0.9999978692117522
train_rocauc: 0.9999888479360318
train_loss: 0.009049132352017543
val_prcauc: 0.9035014692675801
val_rocauc: 0.9575823956984963
val_loss: 0.631665426688934
