test_prcauc: 0.3607311173597517
test_rocauc: 0.6670538880367513
test_loss: 0.32042543179002303
train_prcauc: 0.5866657850239235
train_rocauc: 0.8838824148488389
train_loss: 0.13430948792977104
val_prcauc: 0.4141378317680665
val_rocauc: 0.7005344437508857
val_loss: 0.2762952369862589
