test_prcauc: 0.6782174520847972
test_rocauc: 0.8592752675330092
test_loss: 0.20064793527126312
train_prcauc: 0.7599767078045884
train_rocauc: 0.9168805625378018
train_loss: 0.19344030121751682
val_prcauc: 0.6529497485458238
val_rocauc: 0.8739973262032086
val_loss: 0.2148003727197647