test_prcauc: 0.4160530426847914
test_rocauc: 0.7298898200447254
test_loss: 0.21929409096252844
train_prcauc: 0.5516988614500984
train_rocauc: 0.8778012246765063
train_loss: 0.1755077025191234
val_prcauc: 0.39143699113556024
val_rocauc: 0.7200517384672999
val_loss: 0.2127930207373888