test_mae: 1.0255165245954971
test_rmse: 1.2914224845475366
test_loss: 1.6677720335949326
train_mae: 0.31938532477742954
train_rmse: 0.395182795999552
train_loss: 0.20766832306981087
val_mae: 0.9676166458193182
val_rmse: 1.212694665003477
val_loss: 1.4706283505278952