mae: 0.7362512946128845
rmse: 0.9492489099502563
