test_mae: 0.7733935117721558
test_rmse: 1.0179730653762817
test_loss: 0.7892649471759796
train_mae: 0.24038565158843994
train_rmse: 0.35388287901878357
train_loss: 0.23747120797634125
val_mae: 0.6644407510757446
val_rmse: 0.8737236857414246
val_loss: 0.6525386025508245
