test_mae: 0.5396719736371721
test_rmse: 0.7074751642740934
test_loss: 0.4890641017302001
train_mae: 0.3271697040729314
train_rmse: 0.42494663884302236
train_loss: 0.25191841061626163
val_mae: 0.5415594647030035
val_rmse: 0.7163704000030051
val_loss: 0.5033642411289942