test_mae: 0.4835662543773651
test_rmse: 0.6662880778312683
test_loss: 0.4835663068862188
train_mae: 0.23679494857788086
train_rmse: 0.32527217268943787
train_loss: 0.23679495587640878
val_mae: 0.5180621147155762
val_rmse: 0.7057309746742249
val_loss: 0.5180621161347344
