mae: 0.40867939591407776
rmse: 0.608481764793396
