test_prcauc: 0.40463494709966014
test_rocauc: 0.8047295782669017
test_loss: 0.19770028857622765
train_prcauc: 0.7738092490457176
train_rocauc: 0.9849036899410857
train_loss: 0.12442917453542274
val_prcauc: 0.42942204036941417
val_rocauc: 0.812649550034
val_loss: 0.18215972452664078
