test_mae: 0.4235502779483795
test_rmse: 0.5446290373802185
test_loss: 0.4172339215874672
train_mae: 0.2500278353691101
train_rmse: 0.42970967292785645
train_loss: 0.24571958953334438
val_mae: 0.43182653188705444
val_rmse: 0.5801144242286682
val_loss: 0.4405835494399071
