test_prcauc: 0.6036434829147257
test_rocauc: 0.5791859567901234
test_loss: 1.7172151803970337
train_prcauc: 0.9986211629033536
train_rocauc: 0.9929052348089547
train_loss: 0.1450736035423444
val_prcauc: 0.8653642513248652
val_rocauc: 0.9139817324099166
val_loss: 0.5582768321037292