mae: 0.7268669342564554
rmse: 1.0474138243391369 