test_mae: 0.7237318191946169
test_rmse: 1.045888352182087
test_loss: 1.0938824452301608
train_mae: 0.42766964122286316
train_rmse: 0.5477918613362632
train_loss: 0.680374413728714
val_mae: 0.6909958060477909
val_rmse: 1.0253326719698652
val_loss: 1.051307088208863