test_prcauc: 0.3134686598777863
test_rocauc: 0.7218527641352916
test_loss: 0.3205356752430951
train_prcauc: 0.5192669790247862
train_rocauc: 0.8904675724996284
train_loss: 0.15914546830232063
val_prcauc: 0.3572425731571049
val_rocauc: 0.7665607824365664
val_loss: 0.29553127068060414
