test_prcauc: 0.6832964357754343
test_rocauc: 0.8131347096236055
test_OGBNanLabelloss: 0.2575819751247764
train_prcauc: 0.9931115934148924
train_rocauc: 0.9953309360572918
train_OGBNanLabelloss: 0.021339158283080906
val_prcauc: 0.9203453458800194
val_rocauc: 0.9875004103877343
val_OGBNanLabelloss: 0.08450628167483956
