test_prcauc: 0.14108012700612446
test_rocauc: 0.7590886553951227
test_loss: 0.01578226928802999
train_prcauc: 0.49092231994330005
train_rocauc: 0.9781625349088386
train_loss: 0.006400070523594234
val_prcauc: 0.1729212144524389
val_rocauc: 0.8435164524837332
val_loss: 0.009773830762063751
