test_prcauc: 0.6626482942983194
test_rocauc: 0.7903385986862683
test_loss: 0.31779944896698
train_prcauc: 0.9028304503233688
train_rocauc: 0.9831566964154915
train_loss: 0.1250906632781778
val_prcauc: 0.6621178278879518
val_rocauc: 0.900618043927903
val_loss: 0.21115367114543915