test_prcauc: 0.33339516909067185
test_rocauc: 0.6577055871244496
test_loss: 0.3236808811509332
train_prcauc: 0.4575572449532139
train_rocauc: 0.8160579062509707
train_loss: 0.1699443942871853
val_prcauc: 0.3639733324783532
val_rocauc: 0.6799659482637843
val_loss: 0.27193898690301316
