test_prcauc: 0.3054637137322544
test_rocauc: 0.7108894286411757
test_loss: 0.2942538666867856
train_prcauc: 0.558576545739008
train_rocauc: 0.9046597825707784
train_loss: 0.16911956195689207
val_prcauc: 0.33736922797233365
val_rocauc: 0.754682626706005
val_loss: 0.3414472563044044