test_prcauc: 0.17673680129851285
test_rocauc: 0.7179551555649974
test_loss: 0.1315629455881814
train_prcauc: 0.38839271271307085
train_rocauc: 0.839009828940834
train_loss: 0.12602576309833727
val_prcauc: 0.2818904192407864
val_rocauc: 0.7927720213599844
val_loss: 0.4902740733873477
