test_mae: 0.5137861760076355
test_rmse: 0.6931944593489316
test_loss: 0.48051855847205766
train_mae: 0.3999566724995898
train_rmse: 0.5444209186811246
train_loss: 0.5966606587171555
val_mae: 0.4713622325224989
val_rmse: 0.6448712422643061
val_loss: 0.41585891909950934