test_prcauc: 0.6388794878342593
test_rocauc: 0.6025887297450851
test_loss: 0.5491366982460022
train_prcauc: 0.8479308088855834
train_rocauc: 0.886812048468664
train_loss: 0.37805520159245304
val_prcauc: 0.6674085842040262
val_rocauc: 0.6312179865215717
val_loss: 0.5401069521903992