test_mae: 0.7876865267753601
test_rmse: 1.0148998498916626
test_loss: 0.799147367477417
train_mae: 0.2744966149330139
train_rmse: 0.4197565019130707
train_loss: 0.27433227388947096
val_mae: 0.6606770157814026
val_rmse: 0.8956565856933594
val_loss: 0.657592644294103
