mae: 0.7819497585296631
rmse: 1.0340274572372437
