test_mae: 0.7701495885848999
test_rmse: 1.0009313821792603
test_loss: 0.7819334963957468
train_mae: 0.2913569509983063
train_rmse: 0.4225693643093109
train_loss: 0.2943789804423297
val_mae: 0.6586681604385376
val_rmse: 0.8613492846488953
val_loss: 0.6487502008676529
