test_prcauc: 0.4241994868281355
test_rocauc: 0.7508092161266681
test_loss: 0.216696789964687
train_prcauc: 0.5665239155112456
train_rocauc: 0.8757466340529453
train_loss: 0.15374323236408519
val_prcauc: 0.41033857081405833
val_rocauc: 0.7374403531816675
val_loss: 0.20998190551303153
