test_prcauc: 0.6296649008212514
test_rocauc: 0.7703853046594983
test_loss: 1.4087301032109694
train_prcauc: 0.9999521843269941
train_rocauc: 0.9997870458342889
train_loss: 0.0171361175137766
val_prcauc: 0.9991045575205627
val_rocauc: 0.9920234604105572
val_loss: 0.1012517200274901
