test_prcauc: 0.7767277758352248
test_rocauc: 0.8408045977011495
test_loss: 0.7939499318599701
train_prcauc: 0.9942480794002877
train_rocauc: 0.9950931397046575
train_loss: 0.1931832396062351
val_prcauc: 0.8176371263128053
val_rocauc: 0.8417379855167875
val_loss: 0.7466622591018677