test_mae: 0.3863758146762848
test_rmse: 0.5098670721054077
test_loss: 0.38637580829007284
train_mae: 0.1713387668132782
train_rmse: 0.2519996166229248
train_loss: 0.17133877559431962
val_mae: 0.42674198746681213
val_rmse: 0.6407411694526672
val_loss: 0.4267419981104987
