prcauc: 0.3702617569251564
rocauc: 0.6704511013118757
