test_prcauc: 0.1047685662279338
test_rocauc: 0.7891751056050726
test_loss: 0.013524584731678158
train_prcauc: 0.2684411893242157
train_rocauc: 0.9462839466055887
train_loss: 0.010377952816729343
val_prcauc: 0.14508160634164488
val_rocauc: 0.7731735174272255
val_loss: 0.012165574747691822
