test_mae: 1.1317191123962402
test_rmse: 2.5246541500091553
test_loss: 1.1155093312263489
train_mae: 0.367156058549881
train_rmse: 0.5035942792892456
train_loss: 0.3654043741764561
val_mae: 0.8356454372406006
val_rmse: 1.2392083406448364
val_loss: 0.8198822140693665
