test_prcauc: 0.1818976326342512
test_rocauc: 0.7598736939685973
test_loss: 0.13097458727219524
train_prcauc: 0.5872205630507742
train_rocauc: 0.9220497286666096
train_loss: 0.09925058967122666
val_prcauc: 0.3886908462691734
val_rocauc: 0.8462515922006663
val_loss: 0.07299640314543948