test_mae: 0.9820308455339576
test_rmse: 1.2140296370582675
test_loss: 1.4738679596558288
train_mae: 0.3845010960045851
train_rmse: 0.4766555620695301
train_loss: 0.4445361942052841
val_mae: 0.9124161222297534
val_rmse: 1.0868943321644973
val_loss: 1.1813392892913084