test_prcauc: 0.45258272511167
test_rocauc: 0.8356137050077429
test_loss: 0.1930882489266805
train_prcauc: 0.7591215760206264
train_rocauc: 0.9520368115986356
train_loss: 0.13923364754543552
val_prcauc: 0.5222824507036773
val_rocauc: 0.8445683068016349
val_loss: 0.16864132307044424