test_prcauc: 0.2737392765925904
test_rocauc: 0.7538907080630768
test_loss: 0.32901555166210766
train_prcauc: 0.5993067312878163
train_rocauc: 0.9179290179994034
train_loss: 0.1305436386614089
val_prcauc: 0.3105113535045478
val_rocauc: 0.7827601194464493
val_loss: 0.2975206642218356
