test_prcauc: 0.7592471171593658
test_rocauc: 0.8458001768346596
test_loss: 0.6753765046596527
train_prcauc: 0.9704189661545354
train_rocauc: 0.975646980431353
train_loss: 0.2468119554911863
val_prcauc: 0.8223916449565667
val_rocauc: 0.8378319069563309
val_loss: 0.5885492861270905