test_prcauc: 0.6728852786545502
test_rocauc: 0.657748364943386
test_loss: 0.6566639457430158
train_prcauc: 0.9119573044806634
train_rocauc: 0.9493987160491174
train_loss: 0.2297458783723414
val_prcauc: 0.6775586234195351
val_rocauc: 0.6639638849021158
val_loss: 0.6805750897952488
