test_prcauc: 0.6680859933420285
test_rocauc: 0.8244452264275537
test_loss: 0.22793811559677124
train_prcauc: 0.8777370284976405
train_rocauc: 0.9751032916242879
train_loss: 0.13692088348953751
val_prcauc: 0.6665146159766742
val_rocauc: 0.909259168061985
val_loss: 0.18667741119861603