mae: 0.8086687352604571
rmse: 1.0755730046641994 