test_prcauc: 0.345803764968526
test_rocauc: 0.6760365373149828
test_loss: 0.7817782212135403
train_prcauc: 0.5439730843283481
train_rocauc: 0.8723991098659275
train_loss: 0.1948960791921141
val_prcauc: 0.3739242578553991
val_rocauc: 0.683571975808814
val_loss: 0.2794721805772116
