test_mae: 0.5037112236022949
test_rmse: 0.6842323541641235
test_loss: 0.5037112278597695
train_mae: 0.24410657584667206
train_rmse: 0.3533037304878235
train_loss: 0.24410659835046652
val_mae: 0.5049264430999756
val_rmse: 0.707999587059021
val_loss: 0.504926453034083
