mae: 0.8985089567298382
rmse: 1.1585497177506927 