test_mae: 0.8542706287951597
test_rmse: 1.126631856294586
test_loss: 1.2692993396177845
train_mae: 0.2790369906677192
train_rmse: 0.38568143580510467
train_loss: 0.25328661501407623
val_mae: 0.7878905210215433
val_rmse: 0.943481522484442
val_loss: 0.8901573832695606