prcauc: 0.9711522477089324
rocauc: 0.9189873417721518 