test_prcauc: 0.9777193596510603
test_rocauc: 0.9301386377335745
test_loss: 0.3892989307641983
train_prcauc: 0.9990649230242767
train_rocauc: 0.996978595416669
train_loss: 0.10522907370188166
val_prcauc: 0.9550511401170938
val_rocauc: 0.8972463768115941
val_loss: 0.5097352117300034