test_prcauc: 0.4310953992757387
test_rocauc: 0.8109568422782728
test_loss: 0.19355838344022233
train_prcauc: 0.6665509329598681
train_rocauc: 0.9253901437234232
train_loss: 0.15739282440291893
val_prcauc: 0.4287831858440431
val_rocauc: 0.8294257123877459
val_loss: 0.18619164330835822