test_mae: 1.3208492994308472
test_rmse: 1.906708836555481
test_loss: 1.1898765563964844
train_mae: 0.2564980983734131
train_rmse: 0.44075700640678406
train_loss: 0.25632692178090416
val_mae: 0.7461584806442261
val_rmse: 0.9898871183395386
val_loss: 0.6884479721387228
