prcauc: 0.3820999244437295
rocauc: 0.7669305812756099
