test_prcauc: 0.6485452514643735
test_rocauc: 0.7885752267751016
test_loss: 1.578558659553528
train_prcauc: 0.8314549473901005
train_rocauc: 0.9149346190308769
train_loss: 0.16649731956422328
val_prcauc: 0.8739575511212015
val_rocauc: 0.9800961948849273
val_loss: 0.0859923105686903
