test_prcauc: 0.12986568930138068
test_rocauc: 0.7540990918316892
test_loss: 0.015390545484485558
train_prcauc: 0.351719753696197
train_rocauc: 0.9669285787732853
train_loss: 0.009370460311245393
val_prcauc: 0.1748426069026334
val_rocauc: 0.8294390863571728
val_loss: 0.012957694935964386