prcauc: 0.6007885283378689
rocauc: 0.5492908792449671
