test_prcauc: 0.8340919013741198
test_rocauc: 0.8646180860403864
test_loss: 0.46641647318998974
train_prcauc: 0.9911165588771427
train_rocauc: 0.9916810374560254
train_loss: 0.1462086986114339
val_prcauc: 0.9144986115207545
val_rocauc: 0.9282700421940928
val_loss: 0.4383707344532013
