test_prcauc: 0.3589079705118237
test_rocauc: 0.7371767761040148
test_loss: 0.25137070226321456
train_prcauc: 0.5331652577426017
train_rocauc: 0.8890709716304853
train_loss: 0.17004491168229793
val_prcauc: 0.3656700164405393
val_rocauc: 0.7829754106887439
val_loss: 0.2772144447693132