test_mae: 0.6196815371513367
test_rmse: 0.8166726231575012
test_loss: 0.6196815903697696
train_mae: 0.17853111028671265
train_rmse: 0.230037659406662
train_loss: 0.17853109279115284
val_mae: 0.6327455043792725
val_rmse: 0.8022739291191101
val_loss: 0.6327455001217979
