test_prcauc: 0.5362861171194254
test_rocauc: 0.5994130782330657
test_loss: 0.41271525621414185
train_prcauc: 1.0
train_rocauc: 1.0
train_loss: 0.024277529895438105
val_prcauc: 0.6963105925577459
val_rocauc: 0.9337067861715749
val_loss: 0.1417863965034485