test_mae: 0.7011771622151136
test_rmse: 0.8755730498423728
test_loss: 0.7434266876731448
train_mae: 0.3629290540096838
train_rmse: 0.45600958656426727
train_loss: 0.348358011671475
val_mae: 0.7230349869061082
val_rmse: 0.9155668555164049
val_loss: 0.8359631758282271