test_prcauc: 0.6258539626613759
test_rocauc: 0.6005886110129167
test_loss: 0.5217647509915488
train_prcauc: 0.7363416342665869
train_rocauc: 0.77889737391779
train_loss: 0.4993095900863409
val_prcauc: 0.6632177184714689
val_rocauc: 0.6130287556865627
val_loss: 0.49107771686145235
