test_mae: 1.0497721046910566
test_rmse: 1.3073294675686413
test_loss: 1.7091103367733071
train_mae: 0.37569683866528086
train_rmse: 0.5095954268758592
train_loss: 0.46237632632255554
val_mae: 0.918912183158849
val_rmse: 1.16803655054533
val_loss: 1.3643093834098337