test_prcauc: 0.34744307158312604
test_rocauc: 0.7990463583315324
test_loss: 0.25933504219886594
train_prcauc: 0.896929659375336
train_rocauc: 0.9946810671181495
train_loss: 0.08444416390042775
val_prcauc: 0.36666395864443385
val_rocauc: 0.8452951784977077
val_loss: 0.3064346313022543
