test_prcauc: 0.7520741241552846
test_rocauc: 0.7403929751347591
test_loss: 3.3368985652923584
train_prcauc: 1.0
train_rocauc: 1.0
train_loss: 0.04716659500918631
val_prcauc: 0.915205493209044
val_rocauc: 0.6468864468864469
val_loss: 4.533167362213135