test_prcauc: 0.5515941256508929
test_rocauc: 0.695895457547006
test_loss: 0.2556574046611786
train_prcauc: 0.7745080012357921
train_rocauc: 0.9338760885056316
train_loss: 0.1894568076145005
val_prcauc: 0.6256657403817555
val_rocauc: 0.9089218293443646
val_loss: 0.1369192749261856