test_prcauc: 0.13033558866475814
test_rocauc: 0.751056415621658
test_loss: 0.014726386766554326
train_prcauc: 0.2792749796571019
train_rocauc: 0.947641714380862
train_loss: 0.010235559210367343
val_prcauc: 0.10372971231387156
val_rocauc: 0.8239202566594701
val_loss: 0.015221441934171642