prcauc: 0.16112731588437182
rocauc: 0.7502813946944309
