test_prcauc: 0.18015944228900338
test_rocauc: 0.7529493148465546
test_loss: 0.31036916975998907
train_prcauc: 0.4242036839891125
train_rocauc: 0.8708622463118417
train_loss: 0.12161860052146949
val_prcauc: 0.2237155161033176
val_rocauc: 0.7812970361584507
val_loss: 0.38857675879940534
