test_prcauc: 0.08756765492266097
test_rocauc: 0.7214653294305021
test_loss: 0.01701294784988142
train_prcauc: 0.3097495073008944
train_rocauc: 0.9547353068022799
train_loss: 0.008242644105815773
val_prcauc: 0.16984835105869803
val_rocauc: 0.7449297581507407
val_loss: 0.016160823162693762
