test_prcauc: 0.6961186217949147
test_rocauc: 0.658275462962963
test_loss: 2.197225332260132
train_prcauc: 0.9999717337883043
train_rocauc: 0.9998513157156483
train_loss: 0.05405815395893256
val_prcauc: 0.854526584869164
val_rocauc: 0.9244203553146643
val_loss: 0.7335152626037598