prcauc: 0.3612139201399025
rocauc: 0.7286056556694187 