test_prcauc: 0.36310124417801354
test_rocauc: 0.7453506386254068
test_loss: 0.2415243569740494
train_prcauc: 0.6092413293407407
train_rocauc: 0.9125304037359022
train_loss: 0.160160010620937
val_prcauc: 0.37218936509672257
val_rocauc: 0.78338116911869
val_loss: 0.26584311354854945