test_prcauc: 0.839682825076765
test_rocauc: 0.8816558821236454
test_loss: 0.5087452530860901
train_prcauc: 0.9560065687568062
train_rocauc: 0.9640558209705807
train_loss: 0.30417419971957427
val_prcauc: 0.8024368184558992
val_rocauc: 0.8319559228650137
val_loss: 0.7370589971542358