prcauc: 0.6591629843033475
rocauc: 0.8696234316894311
