test_mae: 0.6437819600105286
test_rmse: 0.8522934317588806
test_loss: 0.6425769627094269
train_mae: 0.2956402897834778
train_rmse: 0.4135061800479889
train_loss: 0.29055172204971313
val_mae: 0.6694585680961609
val_rmse: 0.87408047914505
val_loss: 0.6653532683849335
