test_prcauc: 0.3173271047099942
test_rocauc: 0.6188015811987767
test_loss: 0.38529463785050355
train_prcauc: 0.5966066681223009
train_rocauc: 0.8969132161691644
train_loss: 0.15555523304815722
val_prcauc: 0.34645205019330155
val_rocauc: 0.6262799320930509
val_loss: 0.3042060679586362