test_prcauc: 0.955943078935843
test_rocauc: 0.8887722291488942
test_loss: 0.36900076270103455
train_prcauc: 0.9906563856104142
train_rocauc: 0.9712245748831113
train_loss: 0.24317673650284033
val_prcauc: 0.960745118895957
val_rocauc: 0.9075351777581402
val_loss: 0.33647143840789795