test_mae: 0.9391999840736389
test_rmse: 3.1233437061309814
test_loss: 0.9392000649656568
train_mae: 0.36170604825019836
train_rmse: 2.4357495307922363
train_loss: 0.36170604678669144
val_mae: 0.7780889868736267
val_rmse: 0.9795290231704712
val_loss: 0.7780890124184745
