test_prcauc: 0.04645082381675779
test_rocauc: 0.6389432109266244
test_loss: 0.030635854689289685
train_prcauc: 0.8940020434252363
train_rocauc: 0.9993679475102331
train_loss: 0.0023012354155869863
val_prcauc: 0.08550820384307066
val_rocauc: 0.7031752186483269
val_loss: 0.028454428948913365
