test_prcauc: 0.2915224458681077
test_rocauc: 0.5955897922947232
test_loss: 0.32248350823728916
train_prcauc: 0.5299728430789208
train_rocauc: 0.8680001338964526
train_loss: 0.16191328623860674
val_prcauc: 0.3553722103348081
val_rocauc: 0.6566580173210227
val_loss: 0.2836202699267142