test_mae: 0.9302250742912292
test_rmse: 6.686544895172119
test_loss: 0.9302250913211277
train_mae: 0.22877319157123566
train_rmse: 0.39433377981185913
train_loss: 0.22877319915486233
val_mae: 0.6268711686134338
val_rmse: 0.7988671064376831
val_loss: 0.626871223960604
