test_prcauc: 0.44479132693131124
test_rocauc: 0.8105951056729699
test_loss: 0.5133063591210225
train_prcauc: 0.6192007184478927
train_rocauc: 0.9569558442595038
train_loss: 0.22126138926999017
val_prcauc: 0.37250509823741995
val_rocauc: 0.8325855518458067
val_loss: 0.14697709070194676
