test_prcauc: 0.09108439617592955
test_rocauc: 0.6785171040040345
test_loss: 0.017399260881900944
train_prcauc: 0.3085422229202748
train_rocauc: 0.9467739717996624
train_loss: 0.010535326521115065
val_prcauc: 0.15015680991569824
val_rocauc: 0.7746139949538954
val_loss: 0.014806240298403816