test_mae: 1.9427692890167236
test_rmse: 2.649430990219116
test_loss: 1.6093207597732544
train_mae: 0.9697272777557373
train_rmse: 1.310952067375183
train_loss: 0.9747774004936218
val_mae: 2.538193702697754
val_rmse: 4.074710845947266
val_loss: 2.399383544921875
