test_mae: 1.9795091152191162
test_rmse: 3.1348824501037598
test_loss: 1.8572648366292317
train_mae: 0.597312867641449
train_rmse: 0.8550551533699036
train_loss: 0.5929798235495886
val_mae: 1.6848728656768799
val_rmse: 2.4045512676239014
val_loss: 1.6937678654988606
