test_prcauc: 0.7164285834433872
test_rocauc: 0.6949266975308641
test_loss: 1.3307540927614485
train_prcauc: 0.9985762473152502
train_rocauc: 0.9927204902447321
train_loss: 0.08813102313063362
val_prcauc: 0.9534505164637735
val_rocauc: 0.9694314447874142
val_loss: 0.31228756265980856
