test_prcauc: 0.4420636847712713
test_rocauc: 0.8220270371193156
test_loss: 0.20135013575854496
train_prcauc: 0.7451581771059222
train_rocauc: 0.9504277487671765
train_loss: 0.13969982242803503
val_prcauc: 0.4408576949803537
val_rocauc: 0.8395599005852464
val_loss: 0.19481631978346084