prcauc: 0.44268018731428677
rocauc: 0.8169329038124787 