test_prcauc: 0.6233408378574442
test_rocauc: 0.7948619365377263
test_loss: 0.3328825533390045
train_prcauc: 0.9211261114395766
train_rocauc: 0.9855219333492384
train_loss: 0.10650007273925595
val_prcauc: 0.6253315920005555
val_rocauc: 0.8988328572835615
val_loss: 0.2584088444709778