test_mae: 0.6533139944076538
test_rmse: 0.8798641562461853
test_loss: 0.6533140603985105
train_mae: 0.11691054701805115
train_rmse: 0.17164495587348938
train_loss: 0.11691055307164788
val_mae: 0.6313867568969727
val_rmse: 0.7885597944259644
val_loss: 0.6313868122441428
