prcauc: 0.8904999537172078
rocauc: 0.8051643192488264 