test_prcauc: 0.9074592660373384
test_rocauc: 0.8230408089563019
test_loss: 0.865622878074646
train_prcauc: 0.9593366282295166
train_rocauc: 0.9670120898100173
train_loss: 0.27075454996904574
val_prcauc: 0.46454874610167174
val_rocauc: 0.766384778012685
val_loss: 0.7078559398651123