test_prcauc: 0.20199800801825463
test_rocauc: 0.7556205337740551
test_loss: 0.12641194451487425
train_prcauc: 0.7410520368768865
train_rocauc: 0.9720947263874248
train_loss: 0.07911886095060476
val_prcauc: 0.2480254824620191
val_rocauc: 0.7078177424284547
val_loss: 0.16531577237853498