test_mae: 0.7327547904864413
test_rmse: 1.0448518029768605
test_loss: 1.0917152901839964
train_mae: 0.5202797420426236
train_rmse: 0.7065022602737748
train_loss: 1.1078515648841858
val_mae: 0.7771659216159269
val_rmse: 1.2250018670405756
val_loss: 1.500629574252896