test_prcauc: 0.3082225067589197
test_rocauc: 0.7340633490847446
test_loss: 0.43628631973708115
train_prcauc: 0.6258313855278818
train_rocauc: 0.9211252872011677
train_loss: 0.1358045511589381
val_prcauc: 0.37932365308024313
val_rocauc: 0.7802678855663313
val_loss: 0.26932924392598645
