mae: 0.5061655044555664
rmse: 0.6690220236778259
