test_prcauc: 0.841886264902499
test_rocauc: 0.8723371170890998
test_loss: 0.532848060131073
train_prcauc: 0.9749519276214473
train_rocauc: 0.9792673107890499
train_loss: 0.22047295876675183
val_prcauc: 0.8418460259185201
val_rocauc: 0.8946496212121211
val_loss: 0.45014961063861847
