test_mae: 1.353122870206833
test_rmse: 2.0505913862535516
test_loss: 4.204925033377264
train_mae: 0.50281894206134
train_rmse: 0.6639781959591937
train_loss: 0.7154906988143921
val_mae: 0.8701434188649841
val_rmse: 1.191806166653632
val_loss: 1.4204019388736244