test_prcauc: 0.48057047640425066
test_rocauc: 0.8555067166808391
test_loss: 0.18573936212945868
train_prcauc: 0.6593462574113983
train_rocauc: 0.9273840501101184
train_loss: 0.13401716501946653
val_prcauc: 0.5273431280568978
val_rocauc: 0.8731263786553053
val_loss: 0.19855906510794605
