test_prcauc: 0.6134108762559352
test_rocauc: 0.5767578228252601
test_loss: 0.5783512592315674
train_prcauc: 0.8453051103209991
train_rocauc: 0.883119675980486
train_loss: 0.3780683299307137
val_prcauc: 0.6762758318449954
val_rocauc: 0.6413136852665308
val_loss: 0.5125401616096497