test_prcauc: 0.2689152369361869
test_rocauc: 0.7589003263871454
test_loss: 0.12725881276571233
train_prcauc: 0.5496415834573024
train_rocauc: 0.9154151654102316
train_loss: 0.09444909634063514
val_prcauc: 0.36867528505828323
val_rocauc: 0.8338722320203802
val_loss: 0.07586641105539772
