mae: 0.5827796639416899
rmse: 0.7456811965138365 