test_prcauc: 0.6212945234755077
test_rocauc: 0.5649990917248267
test_loss: 0.6367300748825073
train_prcauc: 0.9187793086265076
train_rocauc: 0.9450673348719386
train_loss: 0.2977040014466712
val_prcauc: 0.6729627618334395
val_rocauc: 0.6389364800893217
val_loss: 0.5685251951217651