test_mae: 0.639779269695282
test_rmse: 0.8424593806266785
test_loss: 0.6359819397330284
train_mae: 0.27019721269607544
train_rmse: 0.3726482689380646
train_loss: 0.2688612279392058
val_mae: 0.605543851852417
val_rmse: 0.8282284736633301
val_loss: 0.6041107699275017
