test_prcauc: 0.6354490281195041
test_rocauc: 0.6126133798998586
test_loss: 0.6148239374160767
train_prcauc: 0.8690319928923996
train_rocauc: 0.9065686840472639
train_loss: 0.35922281652189614
val_prcauc: 0.6605845789723008
val_rocauc: 0.5956123863276331
val_loss: 0.6355278491973877