test_prcauc: 0.1063513355436078
test_rocauc: 0.793199816854405
test_loss: 0.013532559781734949
train_prcauc: 0.3464549220308607
train_rocauc: 0.9596983426242862
train_loss: 0.009794535893758382
val_prcauc: 0.08601507167975403
val_rocauc: 0.7340689234009499
val_loss: 0.015475599243007065