test_prcauc: 0.33267500710678094
test_rocauc: 0.6257920133340019
test_loss: 0.3760601051384791
train_prcauc: 0.6990164352138092
train_rocauc: 0.940216159352901
train_loss: 0.1348926141829814
val_prcauc: 0.3595488936994198
val_rocauc: 0.6521543906870453
val_loss: 0.3191865059632434