test_prcauc: 0.8075730564360906
test_rocauc: 0.8332463919318379
test_loss: 1.828680088898788
train_prcauc: 1.0
train_rocauc: 1.0
train_loss: 0.0018412925859504358
val_prcauc: 0.9560931029030328
val_rocauc: 0.7666666666666667
val_loss: 2.225853274265925
