test_mae: 2.2025974330026656
test_rmse: 3.0957854483354295
test_loss: 9.583887542125396
train_mae: 0.6520419713020791
train_rmse: 0.8051717819457447
train_loss: 0.849194347858429
val_mae: 1.9522606549784542
val_rmse: 2.711019924547079
val_loss: 7.349629031291251