test_prcauc: 0.7736045772442706
test_rocauc: 0.7887323943661971
test_loss: 1.6177971276144187
train_prcauc: 0.9788979769725283
train_rocauc: 0.9845348173515981
train_loss: 0.16450581672351536
val_prcauc: 0.9561738523062454
val_rocauc: 0.7908424908424909
val_loss: 1.383072167634964
