test_prcauc: 0.8607820893354562
test_rocauc: 0.8709536689643137
test_loss: 0.7122446732087568
train_prcauc: 0.9999043391223215
train_rocauc: 0.9999168590320435
train_loss: 0.02585831299544342
val_prcauc: 0.858615720881872
val_rocauc: 0.9146264908976773
val_loss: 0.49683327142106876
