test_mae: 3.0123565141111612
test_rmse: 3.8871398147163876
test_loss: 15.109855939153354
train_mae: 0.49174243039405974
train_rmse: 0.6211109023151475
train_loss: 0.8149011135101318
val_mae: 3.5433128574118022
val_rmse: 4.945976480195684
val_loss: 24.46268334264889