test_prcauc: 0.6156697154008136
test_rocauc: 0.6365740740740741
test_loss: 2.905536787850516
train_prcauc: 1.0
train_rocauc: 1.0
train_loss: 0.0013097895346370271
val_prcauc: 0.888445998504583
val_rocauc: 0.9466294931793289
val_loss: 0.8167148184563432
