mae: 0.6162105525675274
rmse: 0.780407609629637 