test_prcauc: 0.023559455527256017
test_rocauc: 0.6539226187229455
test_loss: 0.018183205628447916
train_prcauc: 0.17569734186712563
train_rocauc: 0.908787863752056
train_loss: 0.011345150521493817
val_prcauc: 0.08119321731107014
val_rocauc: 0.7655469456176528
val_loss: 0.015769747730440178