test_prcauc: 0.6256473795003799
test_rocauc: 0.591177765148056
test_loss: 0.5638172626495361
train_prcauc: 0.8356323390192425
train_rocauc: 0.8802201839859275
train_loss: 0.3681067778873231
val_prcauc: 0.6492492534122266
val_rocauc: 0.5844613658518836
val_loss: 0.5745869874954224