test_prcauc: 0.8829003276855207
test_rocauc: 0.8423618634886242
test_loss: 0.6386657319962978
train_prcauc: 0.9607213518007961
train_rocauc: 0.9689299078871618
train_loss: 0.23474454341663253
val_prcauc: 0.5504908809761365
val_rocauc: 0.8058139534883721
val_loss: 0.7055365815758705
