prcauc: 0.9095978852864056
rocauc: 0.8538280967858431
