test_mae: 0.5877284994610246
test_rmse: 0.750677701744564
test_loss: 0.5671728790735194
train_mae: 0.3476869637375685
train_rmse: 0.44747548831680595
train_loss: 0.25743868574500084
val_mae: 0.5800207984825921
val_rmse: 0.7836997473728583
val_loss: 0.6469056172934463