test_prcauc: 0.9768053213349057
test_rocauc: 0.9326268969126112
test_loss: 0.31370580196380615
train_prcauc: 0.9979882423923446
train_rocauc: 0.9933658792650919
train_loss: 0.17871868174126707
val_prcauc: 0.9799459626806148
val_rocauc: 0.9450039756162205
val_loss: 0.28709733486175537