test_prcauc: 0.11299711370695906
test_rocauc: 0.7555021189873201
test_loss: 0.16161268457770347
train_prcauc: 0.8712181884523644
train_rocauc: 0.9910890056109409
train_loss: 0.060873278861534846
val_prcauc: 0.23556921035276104
val_rocauc: 0.7404315014808803
val_loss: 0.17980943232774735