test_mae: 2.512850284576416
test_rmse: 3.2337615489959717
test_loss: 2.5350073178609214
train_mae: 1.1381644010543823
train_rmse: 1.5897247791290283
train_loss: 1.1120945314566295
val_mae: 2.082068681716919
val_rmse: 2.687570333480835
val_loss: 2.5448078711827598
