test_prcauc: 0.2151217321217167
test_rocauc: 0.7629089816070194
test_loss: 0.11349840566515923
train_prcauc: 0.631146889970324
train_rocauc: 0.9362475342635215
train_loss: 0.09613313310437127
val_prcauc: 0.33026449158521903
val_rocauc: 0.7475341781634309
val_loss: 0.12548762276768685