test_mae: 0.5946629047393799
test_rmse: 0.8922004103660583
test_loss: 0.5788441002368927
train_mae: 0.2702261805534363
train_rmse: 0.41094136238098145
train_loss: 0.2696570891600389
val_mae: 0.5786716938018799
val_rmse: 0.9485101103782654
val_loss: 0.6298006355762482
