test_prcauc: 0.11118922508527596
test_rocauc: 0.8113116822789568
test_loss: 0.011791573531809263
train_prcauc: 0.332707057447607
train_rocauc: 0.9504292023964552
train_loss: 0.011876883820664246
val_prcauc: 0.0877289965105462
val_rocauc: 0.8141299927846822
val_loss: 0.04552156720365751
