test_prcauc: 0.7002211738290192
test_rocauc: 0.8896314522500481
test_loss: 0.17799181658774615
train_prcauc: 0.8912620793819306
train_rocauc: 0.9641694871445177
train_loss: 0.1253753736615181
val_prcauc: 0.7180790100757402
val_rocauc: 0.9284389197375063
val_loss: 0.11635522805154323
