mae: 2.8298985958099365
rmse: 3.6369264125823975
