test_mae: 1.0773766040802002
test_rmse: 3.20591139793396
test_loss: 1.0561953634023666
train_mae: 0.3931056261062622
train_rmse: 0.5327039361000061
train_loss: 0.3905226270998678
val_mae: 0.7984589338302612
val_rmse: 1.044903039932251
val_loss: 0.7910725921392441
