test_prcauc: 0.6569019779167355
test_rocauc: 0.621141975308642
test_loss: 2.9691689014434814
train_prcauc: 1.0
train_rocauc: 1.0
train_loss: 0.013209441734775179
val_prcauc: 0.8658435205319482
val_rocauc: 0.9259259259259258
val_loss: 0.8931797742843628