test_prcauc: 0.07464785595185917
test_rocauc: 0.7034692063519984
test_loss: 0.017845259367164093
train_prcauc: 0.41150734311949844
train_rocauc: 0.9726171565247498
train_loss: 0.00965746790450938
val_prcauc: 0.18508593193267286
val_rocauc: 0.7606071867114886
val_loss: 0.015174319807541034