test_prcauc: 0.21780245272729226
test_rocauc: 0.7317425983506828
test_loss: 0.12352075740037595
train_prcauc: 0.6119080645525504
train_rocauc: 0.9254376540129169
train_loss: 0.10408122915555144
val_prcauc: 0.36854218351182166
val_rocauc: 0.8126469723691946
val_loss: 0.07300873308935586