test_prcauc: 0.3237984653845084
test_rocauc: 0.6250656124225639
test_loss: 0.31750503473063046
train_prcauc: 0.41911160651319346
train_rocauc: 0.7945584577551231
train_loss: 0.19642484505631114
val_prcauc: 0.3407818598874457
val_rocauc: 0.6251732201734371
val_loss: 0.2779858167339904