prcauc: 0.32482175674380426
rocauc: 0.6263947241230363 