test_mae: 0.5071617960929871
test_rmse: 0.6810500621795654
test_loss: 0.5071618372485751
train_mae: 0.286745548248291
train_rmse: 0.4067972004413605
train_loss: 0.2867455347156038
val_mae: 0.5150251388549805
val_rmse: 0.7161759734153748
val_loss: 0.5150251345975059
