prcauc: 0.3362858678621868
rocauc: 0.6423454211587339 