prcauc: 0.6719776101804116
rocauc: 0.833842847744341
