test_prcauc: 0.7350131899570274
test_rocauc: 0.851609266715281
test_loss: 0.287695100158453
train_prcauc: 0.9184884449504478
train_rocauc: 0.9798451994478182
train_loss: 0.12472590506076812
val_prcauc: 0.7056554667482269
val_rocauc: 0.9098369931011274
val_loss: 0.266291943192482
