test_prcauc: 0.8626329040670849
test_rocauc: 0.8008448382443849
test_loss: 0.8074604110284285
train_prcauc: 0.9843010574110858
train_rocauc: 0.9864545321850825
train_loss: 0.165145747483738
val_prcauc: 0.5248149331750542
val_rocauc: 0.8632571996027805
val_loss: 0.5050914639776404
