prcauc: 0.8329798807806011
rocauc: 0.7761693797650937
