prcauc: 0.6128217160701801
rocauc: 0.5682329325714706 