test_mae: 0.9721778035163879
test_rmse: 1.1834856271743774
test_loss: 0.9739462584257126
train_mae: 1.0742576122283936
train_rmse: 1.3951243162155151
train_loss: 1.084797563091401
val_mae: 1.1108914613723755
val_rmse: 1.3685109615325928
val_loss: 1.1049232184886932
