test_mae: 0.9057506445377274
test_rmse: 1.143147792917474
test_loss: 1.306786876452092
train_mae: 0.3717801422791992
train_rmse: 0.4952793184665873
train_loss: 0.3362683802843094
val_mae: 0.900628763985845
val_rmse: 1.0763318577104046
val_loss: 1.1584902679223308