prcauc: 0.45355327729454614
rocauc: 0.8379360012030338 