test_prcauc: 0.45620651611153495
test_rocauc: 0.836742467069774
test_loss: 0.21017521987937643
train_prcauc: 0.6985525033892825
train_rocauc: 0.9384096014224276
train_loss: 0.14627289521688505
val_prcauc: 0.45152790331763865
val_rocauc: 0.8393881262955034
val_loss: 0.20422641430234956