test_prcauc: 0.4104829490349593
test_rocauc: 0.7239140374052605
test_loss: 0.2107194598073621
train_prcauc: 0.5076370408085752
train_rocauc: 0.8496452494386683
train_loss: 0.18796563791439358
val_prcauc: 0.3854731007926823
val_rocauc: 0.7156818493421134
val_loss: 0.20894033580856985