test_mae: 0.81039249099407
test_rmse: 1.0665981378682845
test_loss: 1.137631587704092
train_mae: 0.6617040855382514
train_rmse: 0.8302882066232172
train_loss: 1.0596441626548767
val_mae: 0.730810762715967
val_rmse: 1.00954067113153
val_loss: 1.0191723666686998