test_prcauc: 0.29458795871048327
test_rocauc: 0.6008918116124019
test_loss: 0.31661507002326045
train_prcauc: 0.47796504650146526
train_rocauc: 0.83577019948751
train_loss: 0.16899415441355634
val_prcauc: 0.35743767400900867
val_rocauc: 0.662180695313732
val_loss: 0.2757814884702096