test_prcauc: 0.3502968505724664
test_rocauc: 0.7391374137425845
test_loss: 0.23697799284526763
train_prcauc: 0.601825165553964
train_rocauc: 0.9107309218659628
train_loss: 0.15700874824881444
val_prcauc: 0.3724022866378132
val_rocauc: 0.7952661545198784
val_loss: 0.2568491720473228