test_prcauc: 0.315244602831209
test_rocauc: 0.7179942419732975
test_loss: 0.2564976094987118
train_prcauc: 0.5651563286550872
train_rocauc: 0.9048700153264377
train_loss: 0.167684067569257
val_prcauc: 0.33645144532973575
val_rocauc: 0.7556424751810552
val_loss: 0.2994882338192912