test_prcauc: 0.3539639615816533
test_rocauc: 0.7399105503447791
test_loss: 0.2926384719088674
train_prcauc: 0.7459059453026256
train_rocauc: 0.9483193170060046
train_loss: 0.11223390669933433
val_prcauc: 0.3498501552171533
val_rocauc: 0.7741921377956972
val_loss: 0.29073925465345385
