test_prcauc: 0.599485059478174
test_rocauc: 0.7349421823149414
test_loss: 0.21501582628116012
train_prcauc: 0.90016567628683
train_rocauc: 0.956852819020207
train_loss: 0.13458409772387572
val_prcauc: 0.8469293488884146
val_rocauc: 0.942224984730909
val_loss: 0.12541135447099805
