prcauc: 0.6623564756622302
rocauc: 0.83602312013604
