test_mae: 1.8682824656926096
test_rmse: 2.585204148476337
test_loss: 6.683280489299262
train_mae: 0.5981173178530252
train_rmse: 0.7582327361252083
train_loss: 1.024445652961731
val_mae: 2.0902096045017244
val_rmse: 3.1234780212471143
val_loss: 9.756114949213789