test_mae: 0.8806986335266468
test_rmse: 1.3066227980574108
test_loss: 1.707263136403377
train_mae: 0.4905123826931413
train_rmse: 0.6662112741668965
train_loss: 0.7379441261291504
val_mae: 0.7631273804921802
val_rmse: 0.9953714295899692
val_loss: 0.990764282843979