test_prcauc: 0.851132626814837
test_rocauc: 0.7383062023490624
test_loss: 0.8254967629909515
train_prcauc: 0.9019169733177528
train_rocauc: 0.9203916187361927
train_loss: 0.38830317702331396
val_prcauc: 0.4457958915451691
val_rocauc: 0.8796620046620046
val_loss: 0.7255569100379944