test_prcauc: 0.23913992278375812
test_rocauc: 0.7259912319666274
test_loss: 0.4448783476817076
train_prcauc: 0.9998279379464329
train_rocauc: 0.9999934129939024
train_loss: 0.0014432206305034867
val_prcauc: 0.25519813318688817
val_rocauc: 0.8164100774054477
val_loss: 0.24243882747828469
