test_prcauc: 0.18306817875505363
test_rocauc: 0.7624770659920044
test_loss: 0.15182690300485668
train_prcauc: 0.7385828801933303
train_rocauc: 0.9722602078602821
train_loss: 0.07956451811901664
val_prcauc: 0.345168884833586
val_rocauc: 0.821201989026063
val_loss: 0.08350291344172814