prcauc: 0.8060065978815022
rocauc: 0.8050773778473308 