test_prcauc: 0.8096660213247107
test_rocauc: 0.8038601982263954
test_loss: 0.8811691403388977
train_prcauc: 0.9361372855391266
train_rocauc: 0.9563641552511416
train_loss: 0.3566963013819838
val_prcauc: 0.9373389345935297
val_rocauc: 0.7113553113553114
val_loss: 1.0500329732894897