prcauc: 0.32222850867886016
rocauc: 0.6198791915482297 