test_prcauc: 0.3272021698539856
test_rocauc: 0.624904673630636
test_loss: 0.3877482132725345
train_prcauc: 0.651291947763463
train_rocauc: 0.9222051626094026
train_loss: 0.14664772631673464
val_prcauc: 0.36922328722786024
val_rocauc: 0.6669638039691157
val_loss: 0.30165868042180444