test_mae: 0.5067099928855896
test_rmse: 0.8026403188705444
test_loss: 0.4899229382475217
train_mae: 0.32984501123428345
train_rmse: 0.4645814299583435
train_loss: 0.3296095143865656
val_mae: 0.49469542503356934
val_rmse: 0.7156291604042053
val_loss: 0.49517127871513367
