test_prcauc: 0.5923995742902363
test_rocauc: 0.7226325037993921
test_loss: 1.3518689405173063
train_prcauc: 0.9066289041256679
train_rocauc: 0.9398383420904158
train_loss: 0.5006792136312773
val_prcauc: 0.7981299742686425
val_rocauc: 0.9026373951339035
val_loss: 0.1781619505956769
