prcauc: 0.7675637161482239
rocauc: 0.8596599544072949
