test_mae: 0.4565085768699646
test_rmse: 0.6064895987510681
test_loss: 0.4442920386791229
train_mae: 0.3465949594974518
train_rmse: 0.49492302536964417
train_loss: 0.3485878681944263
val_mae: 0.4352848529815674
val_rmse: 0.5613643527030945
val_loss: 0.44201700389385223
