test_prcauc: 0.6220578577463548
test_rocauc: 0.5769586375764626
test_loss: 0.5288417306211259
train_prcauc: 0.7420257052253084
train_rocauc: 0.8065933111841075
train_loss: 0.47923400777357594
val_prcauc: 0.651213706036061
val_rocauc: 0.5938643434333719
val_loss: 0.5224344995286729
