test_prcauc: 0.41664449824615607
test_rocauc: 0.8261320331764178
test_loss: 0.15887015148911407
train_prcauc: 0.9052129273682501
train_rocauc: 0.9937082442954339
train_loss: 0.03920580325654252
val_prcauc: 0.443981488892239
val_rocauc: 0.8263619189065385
val_loss: 0.16875544346889337
