prcauc: 0.13725809202531913
rocauc: 0.7294036950859318
