test_prcauc: 0.19718389084857266
test_rocauc: 0.7584611791279976
test_loss: 1.468621110184626
train_prcauc: 0.7272695325487067
train_rocauc: 0.9779103830074077
train_loss: 0.07783284021925095
val_prcauc: 0.2500829602312713
val_rocauc: 0.7760408662272561
val_loss: 0.46218763720582834
