test_prcauc: 0.0816343738410978
test_rocauc: 0.7373485987488262
test_loss: 0.019690202031960456
train_prcauc: 0.7061590957725274
train_rocauc: 0.9938280963877281
train_loss: 0.00401457489997098
val_prcauc: 0.1447402671910533
val_rocauc: 0.7703967010386981
val_loss: 0.020834771500845863
