test_mae: 2.6693317890167236
test_rmse: 3.333047866821289
test_loss: 2.3394840161005654
train_mae: 0.2892915904521942
train_rmse: 0.5392822623252869
train_loss: 0.28698894878228504
val_mae: 2.411886692047119
val_rmse: 3.760169267654419
val_loss: 1.9906354943911235
