test_prcauc: 0.6187608164418239
test_rocauc: 0.574495838042925
test_loss: 0.5850703120231628
train_prcauc: 0.8271856261449853
train_rocauc: 0.8699319520453578
train_loss: 0.38358358926947894
val_prcauc: 0.6752224209730678
val_rocauc: 0.6560612369877333
val_loss: 0.5040349960327148