test_prcauc: 0.8764026095419484
test_rocauc: 0.8960823662856645
test_loss: 0.4469675259156661
train_prcauc: 0.9910777343952403
train_rocauc: 0.9893628467467429
train_loss: 0.13993751702289428
val_prcauc: 0.840147724488112
val_rocauc: 0.9031028607299794
val_loss: 0.42842170960185205
