prcauc: 0.33279870355056274
rocauc: 0.6355528334025909
