test_mae: 0.4112044870853424
test_rmse: 0.5456485748291016
test_loss: 0.40255866199731827
train_mae: 0.3313738703727722
train_rmse: 0.45813822746276855
train_loss: 0.328568791670184
val_mae: 0.4563649296760559
val_rmse: 0.6164273619651794
val_loss: 0.462674155831337
