prcauc: 0.42050162273003255
rocauc: 0.7291326545751624 