test_prcauc: 0.41963224964882717
test_rocauc: 0.7356397778645173
test_loss: 0.22207104980008394
train_prcauc: 0.5642910980138729
train_rocauc: 0.8841619113008191
train_loss: 0.17301423088271034
val_prcauc: 0.3903318824163215
val_rocauc: 0.718918645946448
val_loss: 0.21764267849116622