test_prcauc: 0.32384433615534636
test_rocauc: 0.6422930502910993
test_OGBNanLabelloss: 0.2999955752286418
train_prcauc: 0.4623686414438951
train_rocauc: 0.820590320434183
train_OGBNanLabelloss: 0.15393910639334557
val_prcauc: 0.3683462072339511
val_rocauc: 0.6835379728248139
val_OGBNanLabelloss: 0.2563176580287259
