prcauc: 0.9732095994287981
rocauc: 0.9194695599758891 