test_prcauc: 0.9748716664707254
test_rocauc: 0.9244725738396624
test_loss: 0.45489728450775146
train_prcauc: 0.9992848347215767
train_rocauc: 0.9976551928165627
train_loss: 0.09291466842161007
val_prcauc: 0.9603500759536296
val_rocauc: 0.9128985507246378
val_loss: 0.4866882860660553