test_mae: 0.9040644608725489
test_rmse: 1.121823683669697
test_loss: 1.2584883772422488
train_mae: 0.24946027379910504
train_rmse: 0.3329881772050383
train_loss: 0.24370024353265762
val_mae: 0.7707914962979545
val_rmse: 0.9347131676325917
val_loss: 0.8736887057457535