test_prcauc: 0.16923320122198612
test_rocauc: 0.7560941694509357
test_loss: 0.12784333264126496
train_prcauc: 0.5790016505371626
train_rocauc: 0.9154492922531069
train_loss: 0.10081579527068882
val_prcauc: 0.3496824689324811
val_rocauc: 0.7970525916127769
val_loss: 0.07751993243308629