test_prcauc: 0.6744492991597586
test_rocauc: 0.6555748456790123
test_loss: 1.1490362882614136
train_prcauc: 0.9858371975333377
train_rocauc: 0.9376535936710991
train_loss: 0.26009155165286457
val_prcauc: 0.8221340375104849
val_rocauc: 0.9137809896617485
val_loss: 0.4649856388568878