test_prcauc: 0.07737011954684228
test_rocauc: 0.743764031272256
test_loss: 0.014417434129581559
train_prcauc: 0.15570557367377244
train_rocauc: 0.9086441660422626
train_loss: 0.011103180305328112
val_prcauc: 0.10121791917474238
val_rocauc: 0.819870783688295
val_loss: 0.014847956206973831