test_mae: 1.3326144720520823
test_rmse: 1.9082978825348758
test_loss: 3.64160080848709
train_mae: 0.7888921047347632
train_rmse: 0.9602418644929899
train_loss: 0.7378978729248047
val_mae: 1.6251946942508222
val_rmse: 2.3673788008814594
val_loss: 5.604482386862937