test_prcauc: 0.952766602768722
test_rocauc: 0.8825382242929326
test_loss: 0.35226356983184814
train_prcauc: 0.9900726723021279
train_rocauc: 0.9687676821823163
train_loss: 0.23390997984661235
val_prcauc: 0.955344558642415
val_rocauc: 0.9046121949561553
val_loss: 0.3160957247018814