prcauc: 0.9529716817570264
rocauc: 0.8827022770523 