test_prcauc: 0.10879359547477173
test_rocauc: 0.7075024503178361
test_loss: 0.015067419281070282
train_prcauc: 0.17780920756184346
train_rocauc: 0.9221158755925686
train_loss: 0.011726699290331368
val_prcauc: 0.15605222565898536
val_rocauc: 0.7964530329116475
val_loss: 0.012957514225619825