test_prcauc: 0.6430593817130181
test_rocauc: 0.625
test_loss: 1.0136473178863525
train_prcauc: 0.989105190014604
train_rocauc: 0.9541687706895584
train_loss: 0.24853165492178855
val_prcauc: 0.8335252133722408
val_rocauc: 0.9145839606544214
val_loss: 0.4132496416568756