test_prcauc: 0.6559823923120758
test_rocauc: 0.7645520309981989
test_loss: 0.25725688338279723
train_prcauc: 0.9012420638705383
train_rocauc: 0.9872372604801158
train_loss: 0.11242680032155476
val_prcauc: 0.8494333750807099
val_rocauc: 0.9660440765035031
val_loss: 0.13241549637168645
