test_prcauc: 0.6275491019543894
test_rocauc: 0.6252240220734733
test_loss: 0.5474992990493774
train_prcauc: 0.7605903216305941
train_rocauc: 0.7986453513510524
train_loss: 0.4337091558978206
val_prcauc: 0.6811210859197201
val_rocauc: 0.6571800847339375
val_loss: 0.5028004050254822