prcauc: 0.6269468816051109
rocauc: 0.6243137920854793 