test_mae: 0.6200501918792725
test_rmse: 0.7977678775787354
test_loss: 0.620050215295383
train_mae: 0.07867006957530975
train_rmse: 0.09756141155958176
train_loss: 0.07867006977487888
val_mae: 0.5855234861373901
val_rmse: 0.7676460146903992
val_loss: 0.585523492523602
