test_prcauc: 0.8569325383934185
test_rocauc: 0.7400061817432516
test_loss: 0.8788909912109375
train_prcauc: 0.9366301562921201
train_rocauc: 0.94449310482419
train_loss: 0.3444651502427363
val_prcauc: 0.44808258826153374
val_rocauc: 0.8739316239316239
val_loss: 0.8954957723617554