mae: 0.5993872880935669
rmse: 0.7697350978851318
