test_mae: 0.38279399275779724
test_rmse: 0.5261297821998596
test_loss: 0.3827939970152719
train_mae: 0.160742849111557
train_rmse: 0.23924942314624786
train_loss: 0.16074285163943255
val_mae: 0.41433221101760864
val_rmse: 0.6294567584991455
val_loss: 0.4143321918589728
