test_mae: 0.8717566132545471
test_rmse: 1.5972256660461426
test_loss: 0.8717566387993949
train_mae: 0.31363600492477417
train_rmse: 0.4011797308921814
train_loss: 0.31363598802792175
val_mae: 0.7578381896018982
val_rmse: 0.9755487442016602
val_loss: 0.7578381938593728
