test_mae: 0.49714691384988163
test_rmse: 0.6620940783945165
test_loss: 0.4501016725555635
train_mae: 0.31519346589797814
train_rmse: 0.40194137407766495
train_loss: 0.22844759126504263
val_mae: 0.4733169702253645
val_rmse: 0.6555454036613446
val_loss: 0.44788781430414176