test_prcauc: 0.08561827094842586
test_rocauc: 0.7105088541722707
test_loss: 0.016177753472674444
train_prcauc: 0.33951392512213185
train_rocauc: 0.9647714130170542
train_loss: 0.009171378491884099
val_prcauc: 0.10136135671892764
val_rocauc: 0.8071769929645717
val_loss: 0.01621030275211459