test_prcauc: 0.357652098028169
test_rocauc: 0.6662355235139678
test_loss: 0.3033360294226942
train_prcauc: 0.521692586250905
train_rocauc: 0.8517365121345547
train_loss: 0.1625967767561367
val_prcauc: 0.41194904316014197
val_rocauc: 0.7092922869536786
val_loss: 0.247067391872406
