test_prcauc: 0.128204857251841
test_rocauc: 0.7237026593792852
test_loss: 4.481300652574418
train_prcauc: 0.9510483688663633
train_rocauc: 0.9995533394736875
train_loss: 0.24174289031240634
val_prcauc: 0.13725980700244964
val_rocauc: 0.800246178718401
val_loss: 11.37858589176345
