test_prcauc: 0.9686499614919026
test_rocauc: 0.8991769547325102
test_loss: 0.45692413992115427
train_prcauc: 0.9992491525277987
train_rocauc: 0.9974078630247037
train_loss: 0.05529753976416859
val_prcauc: 0.9797970470488495
val_rocauc: 0.9453086419753086
val_loss: 0.34885253650801523
