test_prcauc: 0.3128723421575216
test_rocauc: 0.6200985285905201
test_loss: 0.2854000422648818
train_prcauc: 0.5237046802416353
train_rocauc: 0.8664136668902354
train_loss: 0.1644134643324657
val_prcauc: 0.35483706168172446
val_rocauc: 0.6653127941644618
val_loss: 0.2732895799768916