prcauc: 0.3139999051460794
rocauc: 0.6229524299335084 