test_prcauc: 0.18183855843648852
test_rocauc: 0.7636686687653295
test_loss: 0.134803948650027
train_prcauc: 0.7043746381431939
train_rocauc: 0.9643408195896433
train_loss: 0.083929936422348
val_prcauc: 0.31499296919803244
val_rocauc: 0.8194873113854595
val_loss: 0.08422033269615735