prcauc: 0.7206101174599979
rocauc: 0.6761188271604939 