test_prcauc: 0.548910365316217
test_rocauc: 0.6394962291036737
test_loss: 0.34190070629119873
train_prcauc: 0.7115475510559648
train_rocauc: 0.888783402028738
train_loss: 0.22945711270426422
val_prcauc: 0.648641552051261
val_rocauc: 0.8971215404313996
val_loss: 0.22247442603111267