test_prcauc: 0.44725754710866134
test_rocauc: 0.852517276259872
test_loss: 0.19234348364450313
train_prcauc: 0.6148256612012954
train_rocauc: 0.925090930361348
train_loss: 0.14591236690585122
val_prcauc: 0.5095416434888025
val_rocauc: 0.8656130144581337
val_loss: 0.1967310008627397
