test_mae: 1.6792312860488892
test_rmse: 2.5138423442840576
test_loss: 1.5505499839782715
train_mae: 0.607822597026825
train_rmse: 0.8892344236373901
train_loss: 0.595873119102584
val_mae: 1.7517815828323364
val_rmse: 2.829152822494507
val_loss: 1.4399475455284119
