test_mae: 1.5716321468353271
test_rmse: 2.106093406677246
test_loss: 1.4418882131576538
train_mae: 0.37239381670951843
train_rmse: 0.5729727745056152
train_loss: 0.3726050059000651
val_mae: 0.8740541338920593
val_rmse: 1.1213128566741943
val_loss: 0.7861436506112417
