mae: 1.2957675457000732
rmse: 1.8758533000946045
