test_prcauc: 0.32692584859683155
test_rocauc: 0.625537334489065
test_loss: 0.36727771223127936
train_prcauc: 0.6296964849458698
train_rocauc: 0.9129587968069263
train_loss: 0.149931742046796
val_prcauc: 0.37637838042955685
val_rocauc: 0.6695581628493529
val_loss: 0.30211861395509404