test_prcauc: 0.978361448459535
test_rocauc: 0.9369440083725799
test_loss: 0.4578920006752014
train_prcauc: 0.9998252429692368
train_rocauc: 0.9994236220472441
train_loss: 0.08542334980278385
val_prcauc: 0.9770481896800478
val_rocauc: 0.9292340312748476
val_loss: 0.4850328266620636