test_mae: 2.4303348064422607
test_rmse: 3.3195719718933105
test_loss: 2.3673795064290366
train_mae: 1.2207958698272705
train_rmse: 2.057734251022339
train_loss: 1.1955108013417985
val_mae: 2.615973472595215
val_rmse: 3.825199842453003
val_loss: 2.4328061739603677
