test_prcauc: 0.7890214819646812
test_rocauc: 0.7659537471744045
test_loss: 1.790112003373603
train_prcauc: 0.9700355158375189
train_rocauc: 0.9807334474885845
train_loss: 0.19718480737107555
val_prcauc: 0.9624874525960736
val_rocauc: 0.7952380952380953
val_loss: 1.2053057948748271
