prcauc: 0.6384433375326997
rocauc: 0.6172485271420378 