test_mae: 0.42368125915527344
test_rmse: 0.6011115312576294
test_loss: 0.4107576335469882
train_mae: 0.21244759857654572
train_rmse: 0.3080247640609741
train_loss: 0.21147931339564147
val_mae: 0.4834310710430145
val_rmse: 0.7065235376358032
val_loss: 0.4866834332545598
