prcauc: 0.5118214841945992
rocauc: 0.5474138080839677 