test_mae: 0.8138460687504406
test_rmse: 1.0818453980494205
test_loss: 1.1703894652807094
train_mae: 0.2662408367152286
train_rmse: 0.3621374386985804
train_loss: 0.241063691675663
val_mae: 0.811297084361051
val_rmse: 0.979002970840061
val_loss: 0.9584468169136654