test_prcauc: 0.40298465159699826
test_rocauc: 0.7290574896872531
test_loss: 0.2177684841901404
train_prcauc: 0.5047110900443478
train_rocauc: 0.8533706919269621
train_loss: 0.1852580507255341
val_prcauc: 0.3941619770625736
val_rocauc: 0.7174753396488706
val_loss: 0.21277886127522538