prcauc: 0.4040351920863711
rocauc: 0.730560709347847 