test_mae: 2.26131902936846
test_rmse: 2.887369931920243
test_loss: 8.336905123757107
train_mae: 0.5708953921292743
train_rmse: 0.7387395025221485
train_loss: 1.175400733947754
val_mae: 2.5089069496653975
val_rmse: 3.65253922843962
val_loss: 13.341042815290294