test_prcauc: 0.7390809234169653
test_rocauc: 0.8095878136200716
test_loss: 0.7926955579949374
train_prcauc: 0.9962311219368912
train_rocauc: 0.9848163679847983
train_loss: 0.11860108569574852
val_prcauc: 0.9984914271889667
val_rocauc: 0.987683284457478
val_loss: 0.10541071336377751
