test_mae: 0.41060110926628113
test_rmse: 0.544520914554596
test_loss: 0.40415067970752716
train_mae: 0.3952479660511017
train_rmse: 0.593881368637085
train_loss: 0.40792580285379965
val_mae: 0.5165770053863525
val_rmse: 0.6602873802185059
val_loss: 0.5181134417653084
