test_prcauc: 0.10965125601268573
test_rocauc: 0.7095446982887583
test_loss: 0.01751750415890346
train_prcauc: 0.4856541208225542
train_rocauc: 0.9821685743230096
train_loss: 0.00784219163011708
val_prcauc: 0.0885600086152163
val_rocauc: 0.8075602006157168
val_loss: 0.01817849116134861