test_mae: 1.987000799598172
test_rmse: 2.5868123536697127
test_loss: 6.691598153098239
train_mae: 0.6132529770097387
train_rmse: 0.7668977413400481
train_loss: 0.8054327368736267
val_mae: 2.421361887678504
val_rmse: 3.3893162578570197
val_loss: 11.487464695773912