test_prcauc: 0.4841640633293913
test_rocauc: 0.8429779394134148
test_loss: 0.21258678526248573
train_prcauc: 0.7829016577384339
train_rocauc: 0.961123373067406
train_loss: 0.10774773762674089
val_prcauc: 0.4405445645844677
val_rocauc: 0.8457875625466557
val_loss: 0.20164008522933385
