prcauc: 0.43139187624431674
rocauc: 0.8445911213211956
