test_prcauc: 0.2148786103377175
test_rocauc: 0.7355452982869504
test_loss: 0.37335202905038994
train_prcauc: 0.5642438297740517
train_rocauc: 0.9090219762002499
train_loss: 0.09684442816371797
val_prcauc: 0.2710168243136828
val_rocauc: 0.8197965657456397
val_loss: 0.204184120517575
