test_prcauc: 0.4274649748159904
test_rocauc: 0.8145634327043586
test_loss: 0.20749023788038654
train_prcauc: 0.7631171382438877
train_rocauc: 0.9535636071655945
train_loss: 0.1364169206441189
val_prcauc: 0.4460438123369437
val_rocauc: 0.8393217719795678
val_loss: 0.19469021149350652