test_prcauc: 0.07856630438946498
test_rocauc: 0.7181618315402648
test_loss: 0.025264925001342774
train_prcauc: 0.8255067235566054
train_rocauc: 0.9988946283755071
train_loss: 0.0028351401558053494
val_prcauc: 0.18333124088275
val_rocauc: 0.7371401464362293
val_loss: 0.020890672529270495
