test_mae: 0.5564692552591127
test_rmse: 0.7109132832888335
test_loss: 0.5101919070285748
train_mae: 0.33971214481630696
train_rmse: 0.43769674892189653
train_loss: 0.23968963076670965
val_mae: 0.5654664774941547
val_rmse: 0.7511057086942993
val_loss: 0.6059090885118147