mae: 0.5546671027943254
rmse: 0.7078644472259102 