test_prcauc: 0.7321070611604619
test_rocauc: 0.8469989226010497
test_loss: 0.18852763921022414
train_prcauc: 0.8928037736116436
train_rocauc: 0.9754555452311889
train_loss: 0.10597109799273312
val_prcauc: 0.8807073123680711
val_rocauc: 0.9847910305656785
val_loss: 0.07269817553460597
