test_prcauc: 0.32166347426008407
test_rocauc: 0.621408853539316
test_loss: 0.368288414696381
train_prcauc: 0.5996622923485876
train_rocauc: 0.8994370546668671
train_loss: 0.15373827424542416
val_prcauc: 0.34061879106231796
val_rocauc: 0.6377116114087187
val_loss: 0.30688165193024897