test_prcauc: 0.7937176323055127
test_rocauc: 0.7946444096678839
test_loss: 2.2643613815307617
train_prcauc: 1.0
train_rocauc: 1.0
train_loss: 0.06921216923522812
val_prcauc: 0.9453117817907419
val_rocauc: 0.7040293040293042
val_loss: 2.9163925647735596