test_prcauc: 0.7285107951634703
test_rocauc: 0.7466527560424273
test_loss: 0.991580585638682
train_prcauc: 1.0
train_rocauc: 1.0
train_loss: 0.022025593187341968
val_prcauc: 0.9565132471673161
val_rocauc: 0.7560439560439561
val_loss: 0.8182151019573212
