test_prcauc: 0.0844637550098214
test_rocauc: 0.7520289811162373
test_loss: 0.014185255642530828
train_prcauc: 0.21386147596565597
train_rocauc: 0.9375516051613693
train_loss: 0.010745508496961837
val_prcauc: 0.08734254572859705
val_rocauc: 0.8198690008429903
val_loss: 0.015510854042758399