prcauc: 0.7220127588536582
rocauc: 0.6694637345679012 