prcauc: 0.719244271750787
rocauc: 0.7183098591549295 