test_mae: 2.4291697560949252
test_rmse: 3.210552396471776
test_loss: 10.307646690490664
train_mae: 0.5691236109019725
train_rmse: 0.7719146186748497
train_loss: 0.933886706829071
val_mae: 2.7459991095773875
val_rmse: 3.8832782665660672
val_loss: 15.07985009558436