test_prcauc: 0.32292998186833943
test_rocauc: 0.6296833093696671
test_loss: 0.3739251259429055
train_prcauc: 0.6345875427712522
train_rocauc: 0.9129688865182574
train_loss: 0.14994333107781227
val_prcauc: 0.36647719036035603
val_rocauc: 0.6597833486143002
val_loss: 0.2920396707698545