test_prcauc: 0.7531663461311834
test_rocauc: 0.7852547383063815
test_loss: 0.6641651690006256
train_prcauc: 0.6372242320838933
train_rocauc: 0.750296803652968
train_loss: 0.6593976122577015
val_prcauc: 0.9542164647329638
val_rocauc: 0.7498168498168498
val_loss: 0.6602246661980947
