test_prcauc: 0.4770278383202103
test_rocauc: 0.8495859913632963
test_loss: 0.18906009252424594
train_prcauc: 0.5359190755795894
train_rocauc: 0.9012614193791383
train_loss: 0.1636695319599512
val_prcauc: 0.501462697402348
val_rocauc: 0.8698078275230053
val_loss: 0.19919995411678595
