prcauc: 0.44804028608446744
rocauc: 0.8491162814424165
