test_prcauc: 0.03876478474536111
test_rocauc: 0.6664489113578914
test_loss: 0.016922006051146365
train_prcauc: 0.18457000959286762
train_rocauc: 0.931188188426454
train_loss: 0.011026382054356305
val_prcauc: 0.08041174594639944
val_rocauc: 0.7795165697676226
val_loss: 0.014674959984647056