test_prcauc: 0.4114563652128549
test_rocauc: 0.8274650041554099
test_loss: 0.1862158916105293
train_prcauc: 0.5988517402819457
train_rocauc: 0.9054511734847295
train_loss: 0.16661105275252827
val_prcauc: 0.4795342997820005
val_rocauc: 0.8323559446331146
val_loss: 0.17383108529367114