test_prcauc: 0.6228398912456541
test_rocauc: 0.8090334786867633
test_loss: 0.3081944137811661
train_prcauc: 0.9491570606981516
train_rocauc: 0.9911619307116635
train_loss: 0.08604327199983675
val_prcauc: 0.5899823184531626
val_rocauc: 0.7532298641244031
val_loss: 0.30997318029403687