test_prcauc: 0.7236963790093035
test_rocauc: 0.6864390432098766
test_loss: 2.869135618209839
train_prcauc: 0.999999468371281
train_rocauc: 0.9999971946361443
train_loss: 0.046918688345777775
val_prcauc: 0.8525049795406314
val_rocauc: 0.9158887885175148
val_loss: 1.0256091356277466