test_prcauc: 0.6148788637428672
test_rocauc: 0.5837840505070793
test_loss: 0.7071682214736938
train_prcauc: 0.928186789699408
train_rocauc: 0.9565738828272672
train_loss: 0.2806647681168152
val_prcauc: 0.6696041916115876
val_rocauc: 0.6396893330194309
val_loss: 0.624870777130127