test_prcauc: 0.6160268637760634
test_rocauc: 0.8504008601048074
test_loss: 0.23697860538959503
train_prcauc: 0.6536767290334927
train_rocauc: 0.8444919265437969
train_loss: 0.23235148568016095
val_prcauc: 0.5915427237858073
val_rocauc: 0.6774677570197376
val_loss: 0.28627127408981323