prcauc: 0.7340121461947051
rocauc: 0.9063127114113957 