test_prcauc: 0.29257121520458956
test_rocauc: 0.7317635840594302
test_loss: 0.3397366559063947
train_prcauc: 0.40637389427343984
train_rocauc: 0.8520285098060429
train_loss: 0.17747165362515518
val_prcauc: 0.33500632346400344
val_rocauc: 0.7804781565270047
val_loss: 0.2883660089638498
