test_prcauc: 0.6746781147179872
test_rocauc: 0.6829668209876544
test_loss: 4.234195917844772
train_prcauc: 1.0
train_rocauc: 1.0
train_loss: 8.67830496810546e-05
val_prcauc: 0.9397610258884502
val_rocauc: 0.9545952404659962
val_loss: 2.7619397384779796
