test_prcauc: 0.8492601278994946
test_rocauc: 0.8782828723497078
test_loss: 0.469394207932055
train_prcauc: 0.9953988871109057
train_rocauc: 0.9959456551508276
train_loss: 0.11456411205712826
val_prcauc: 0.8464554749032248
val_rocauc: 0.909380324634562
val_loss: 0.3926878828894008
