test_prcauc: 0.12175833556189491
test_rocauc: 0.7120492863902355
test_loss: 0.20277320505941615
train_prcauc: 0.9573169433099651
train_rocauc: 0.996877630957883
train_loss: 0.05193425054462199
val_prcauc: 0.28340514451061055
val_rocauc: 0.8019455467372135
val_loss: 0.09969638556461125