mae: 0.5338437973707915
rmse: 0.7009448286131336 