test_mae: 0.5353228312759173
test_rmse: 0.7010545960481211
test_loss: 0.47565190468595997
train_mae: 0.32851438966522084
train_rmse: 0.42244797795762423
train_loss: 0.254676742213113
val_mae: 0.5382459153880675
val_rmse: 0.7122709512182811
val_loss: 0.4980611699368329