test_mae: 1.0293220398215066
test_rmse: 1.2703573497061722
test_loss: 1.6138077959524901
train_mae: 0.3912906173183836
train_rmse: 0.4911217158696934
train_loss: 0.4183817580342293
val_mae: 0.9543919752139961
val_rmse: 1.1526515632442567
val_loss: 1.3286056262494286