test_prcauc: 0.9625241871838789
test_rocauc: 0.883450911228689
test_loss: 0.33013683557510376
train_prcauc: 0.9937750711163401
train_rocauc: 0.9795840446542143
train_loss: 0.17110878798094661
val_prcauc: 0.9825856350713298
val_rocauc: 0.949753086419753
val_loss: 0.26025682049138205
