test_prcauc: 0.5089613246983548
test_rocauc: 0.8526874059858925
test_loss: 0.19288303554058076
train_prcauc: 0.6493379056626901
train_rocauc: 0.9348505958112784
train_loss: 0.14347510793007137
val_prcauc: 0.4860498794806826
val_rocauc: 0.8434812103651117
val_loss: 0.1927734911441803
