prcauc: 0.4040650950404549
rocauc: 0.836446598534177
