prcauc: 0.3208176481574107
rocauc: 0.6312848436567504
