test_prcauc: 0.31730647956297
test_rocauc: 0.6353034968381395
test_OGBNanLabelloss: 0.3223178253091615
train_prcauc: 0.4353663845372039
train_rocauc: 0.800694847155647
train_OGBNanLabelloss: 0.16043452095500257
val_prcauc: 0.3667764977202618
val_rocauc: 0.6761086168523193
val_OGBNanLabelloss: 0.2657579294052617
