mae: 0.6808105707168579
rmse: 5.961233615875244
