test_mae: 0.46933552622795105
test_rmse: 1.1793590784072876
test_loss: 0.4693354900394167
train_mae: 0.11192026734352112
train_rmse: 0.1620473563671112
train_loss: 0.11192026255386216
val_mae: 0.3747190833091736
val_rmse: 0.5035994052886963
val_loss: 0.3747190923563072
