test_prcauc: 0.6129335010728671
test_rocauc: 0.5875885963733571
test_loss: 0.5235215425491333
train_prcauc: 0.6668731433132491
train_rocauc: 0.6731391257718556
train_loss: 0.48461322403616375
val_prcauc: 0.6975178995715334
val_rocauc: 0.6679932456223547
val_loss: 0.4926017165184021
