mae: 0.5689763723540875
rmse: 0.7438012933453635 