test_prcauc: 0.8543822360349624
test_rocauc: 0.7369668246445498
test_loss: 1.114059865474701
train_prcauc: 0.9588397012698215
train_rocauc: 0.9642881473047016
train_loss: 0.30598877315355666
val_prcauc: 0.4705855392913526
val_rocauc: 0.8704351204351204
val_loss: 0.9687327742576599