prcauc: 0.8561044789997179
rocauc: 0.7385637749845458 