mae: 0.6014333963394165
rmse: 0.8781072497367859
