test_mae: 0.4958663284778595
test_rmse: 0.6803147196769714
test_loss: 0.5087369879086813
train_mae: 0.3791302740573883
train_rmse: 0.640601634979248
train_loss: 0.3611307400796149
val_mae: 0.5779069066047668
val_rmse: 0.8210481405258179
val_loss: 0.5631598432858785
