test_prcauc: 0.8672438592102741
test_rocauc: 0.7855450236966826
test_loss: 0.7693114389072765
train_prcauc: 0.9127445826822815
train_rocauc: 0.9314114727776968
train_loss: 0.358216647178896
val_prcauc: 0.41296389191038957
val_rocauc: 0.8347567030784508
val_loss: 0.34291832792488014
