test_prcauc: 0.6272396516898822
test_rocauc: 0.5823587365630717
test_loss: 0.5433114767074585
train_prcauc: 0.8015465514943771
train_rocauc: 0.8411855285352003
train_loss: 0.4134961184470239
val_prcauc: 0.6829936547562176
val_rocauc: 0.6459171051704806
val_loss: 0.48669296503067017