test_prcauc: 0.10139188256211125
test_rocauc: 0.7392825116519062
test_loss: 0.03331073565278206
train_prcauc: 0.6755242279232297
train_rocauc: 0.9960575336197943
train_loss: 0.008076860509185678
val_prcauc: 0.08276097025224236
val_rocauc: 0.7472476473640687
val_loss: 0.01853532766472785
