test_prcauc: 0.4960259205050748
test_rocauc: 0.8495993145957325
test_loss: 0.1904594086110592
train_prcauc: 0.6926850058598356
train_rocauc: 0.93282282819911
train_loss: 0.12818076876831835
val_prcauc: 0.47571759701371635
val_rocauc: 0.8455922727423729
val_loss: 0.19245677758008242
