prcauc: 0.26489230018574567
rocauc: 0.7219604887491388 