test_prcauc: 0.27436508869060516
test_rocauc: 0.7159741755240505
test_loss: 0.29305918562352434
train_prcauc: 0.6030466282341582
train_rocauc: 0.9135001487077501
train_loss: 0.13967808154658437
val_prcauc: 0.3128249384399509
val_rocauc: 0.7512692400229373
val_loss: 0.3029062495713834