test_mae: 1.7212737219408154
test_rmse: 2.241904684880045
test_loss: 5.0261366160870935
train_mae: 0.6440736043356986
train_rmse: 0.8265016644817001
train_loss: 1.0672409534454346
val_mae: 2.0944788163155317
val_rmse: 3.018577402525898
val_loss: 9.111809535039997