mae: 1.6064347054995598
rmse: 2.1551102087097007 