test_mae: 0.7935507730535702
test_rmse: 1.0774913621615902
test_loss: 1.160987635532839
train_mae: 0.2883899365295051
train_rmse: 0.4076896038896362
train_loss: 0.26581157743930817
val_mae: 0.8004875143228379
val_rmse: 0.9635588201617338
val_loss: 0.9284455999114726