test_mae: 1.956319808959961
test_rmse: 2.647487163543701
test_loss: 2.0981971820195517
train_mae: 0.4111877977848053
train_rmse: 0.5824536085128784
train_loss: 0.41255273918310803
val_mae: 2.1951699256896973
val_rmse: 3.171579122543335
val_loss: 2.215136448542277
