test_mae: 2.11749892488122
test_rmse: 2.998136374991912
test_loss: 8.988821723049641
train_mae: 0.4923285033645695
train_rmse: 0.6590806343793711
train_loss: 0.8070666491985321
val_mae: 2.6615578153356907
val_rmse: 3.9819700109485323
val_loss: 15.856085168093454