test_mae: 0.4113105535507202
test_rmse: 0.5741078853607178
test_loss: 0.411310552131562
train_mae: 0.16829454898834229
train_rmse: 0.24148161709308624
train_loss: 0.16829453986518236
val_mae: 0.39629384875297546
val_rmse: 0.5593001246452332
val_loss: 0.3962938650732949
