test_prcauc: 0.2296946866131962
test_rocauc: 0.7681329142928099
test_loss: 0.12336496749159062
train_prcauc: 0.7670632765633201
train_rocauc: 0.976058989307919
train_loss: 0.07627096481768471
val_prcauc: 0.2155767878041864
val_rocauc: 0.7208640774016636
val_loss: 0.17626418156380003