test_mae: 0.5185291767120361
test_rmse: 0.702508807182312
test_loss: 0.5185292022568839
train_mae: 0.25568151473999023
train_rmse: 0.36022430658340454
train_loss: 0.25568152431930813
val_mae: 0.4737498462200165
val_rmse: 0.6388936638832092
val_loss: 0.4737498547349657
