test_mae: 0.7042787671089172
test_rmse: 1.0313875675201416
test_loss: 0.6985667765140533
train_mae: 0.569503128528595
train_rmse: 1.006640911102295
train_loss: 0.5744341222139505
val_mae: 0.7654809355735779
val_rmse: 1.1419168710708618
val_loss: 0.7968226432800293
