test_mae: 1.665284276008606
test_rmse: 2.4332029819488525
test_loss: 1.6585418283939362
train_mae: 0.9388753771781921
train_rmse: 1.2102807760238647
train_loss: 0.9313403002677425
val_mae: 1.458156943321228
val_rmse: 2.0767385959625244
val_loss: 1.4346906393766403
