test_prcauc: 0.6381408621354477
test_rocauc: 0.830104777426022
test_OGBNanLabelloss: 0.26090180967003107
train_prcauc: 0.9133686247267592
train_rocauc: 0.9720095721440264
train_OGBNanLabelloss: 0.0966939248676811
val_prcauc: 0.8162066488170383
val_rocauc: 0.9557339135982501
val_OGBNanLabelloss: 0.12947435537353158
