test_mae: 0.6453607226624375
test_rmse: 0.8073592110528022
test_loss: 0.6417270173625874
train_mae: 0.22857795545999848
train_rmse: 0.2866317296632681
train_loss: 0.1451712559376444
val_mae: 0.6661349525281361
val_rmse: 0.8512492917474147
val_loss: 0.7222765533002756