test_prcauc: 0.6138338952425654
test_rocauc: 0.7934816679331307
test_loss: 0.20179706066846848
train_prcauc: 0.878477996918293
train_rocauc: 0.9747699628706168
train_loss: 0.11339907373011571
val_prcauc: 0.5774840086854289
val_rocauc: 0.6961993081126655
val_loss: 0.27890513837337494