mae: 0.5901382565498352
rmse: 1.0529323816299438
