test_prcauc: 0.4285167094211512
test_rocauc: 0.8319602765774637
test_loss: 0.18658150123233602
train_prcauc: 0.6594154636429365
train_rocauc: 0.9231969436350482
train_loss: 0.15659544993330243
val_prcauc: 0.49076986564327124
val_rocauc: 0.8352547321524715
val_loss: 0.17551660397947683