test_mae: 0.48871052265167236
test_rmse: 0.6977490186691284
test_loss: 0.46894264966249466
train_mae: 0.22986283898353577
train_rmse: 0.47557833790779114
train_loss: 0.22973566552003225
val_mae: 0.5317478179931641
val_rmse: 0.7715993523597717
val_loss: 0.5873998627066612
