test_prcauc: 0.12123415176636287
test_rocauc: 0.7438931048604102
test_loss: 0.015055489594835285
train_prcauc: 0.3605028040673889
train_rocauc: 0.9595789219094051
train_loss: 0.029122429747263832
val_prcauc: 0.130062096985865
val_rocauc: 0.7836486685822023
val_loss: 0.01692913740826121
