test_prcauc: 0.7938834766594312
test_rocauc: 0.7753434185359067
test_loss: 0.8606441020965576
train_prcauc: 0.9575820668603332
train_rocauc: 0.9728481735159817
train_loss: 0.2616535845291089
val_prcauc: 0.9344607029946885
val_rocauc: 0.6981684981684982
val_loss: 0.8339872360229492