test_prcauc: 0.7635243938600216
test_rocauc: 0.7577812554338376
test_loss: 1.0794642915328343
train_prcauc: 0.9477411288633578
train_rocauc: 0.96525399543379
train_loss: 0.2659707879874764
val_prcauc: 0.9497838351332183
val_rocauc: 0.7388278388278389
val_loss: 0.8521062036355337
