test_prcauc: 0.8316766088244587
test_rocauc: 0.718112507727179
test_loss: 1.0025217533111572
train_prcauc: 0.98452447167172
train_rocauc: 0.9850904596459471
train_loss: 0.23110376175136216
val_prcauc: 0.49273627661894004
val_rocauc: 0.8793706293706294
val_loss: 1.1142874658107758