test_mae: 0.4890328049659729
test_rmse: 0.6775896549224854
test_loss: 0.48903280070849825
train_mae: 0.24829062819480896
train_rmse: 0.3467598557472229
train_loss: 0.24829064402729273
val_mae: 0.45083045959472656
val_rmse: 0.6023964285850525
val_loss: 0.4508304553372519
