test_prcauc: 0.7009760114407944
test_rocauc: 0.8450118166336495
test_loss: 0.7778774037957191
train_prcauc: 0.9186424503003301
train_rocauc: 0.9801855940033568
train_loss: 0.09840185306966305
val_prcauc: 0.9651320854479764
val_rocauc: 0.9940436324239141
val_loss: 0.06103826453909278
