test_prcauc: 0.32605220728921436
test_rocauc: 0.6212215846125236
test_loss: 0.3810237918470677
train_prcauc: 0.6830564748871002
train_rocauc: 0.9340116865785985
train_loss: 0.13921762657019152
val_prcauc: 0.37096451638277206
val_rocauc: 0.6677524592769368
val_loss: 0.2993836160791647