prcauc: 0.6446064653394515
rocauc: 0.6251649644658751 