test_prcauc: 0.3068243064159298
test_rocauc: 0.6180565708202016
test_loss: 0.2776273017144381
train_prcauc: 0.47035591712179126
train_rocauc: 0.8333861581336859
train_loss: 0.17475473008549966
val_prcauc: 0.3446902163740207
val_rocauc: 0.6650260903773071
val_loss: 0.26583838544006017