test_prcauc: 0.32282608638807414
test_rocauc: 0.7319615434890229
test_loss: 0.23634064536902993
train_prcauc: 0.5999169697214948
train_rocauc: 0.9141068294450347
train_loss: 0.1663130151039404
val_prcauc: 0.35287613472953216
val_rocauc: 0.7638024527356911
val_loss: 0.2716585919958959