test_mae: 0.4179714620113373
test_rmse: 0.5583694577217102
test_loss: 0.41797144072396414
train_mae: 0.204564169049263
train_rmse: 0.27455374598503113
train_loss: 0.20456417024667775
val_mae: 0.4414420425891876
val_rmse: 0.6252291202545166
val_loss: 0.44144206813403536
