test_prcauc: 0.31495912145095545
test_rocauc: 0.7840746248479114
test_loss: 0.13001511935009688
train_prcauc: 0.6939479529894911
train_rocauc: 0.9614132926500698
train_loss: 0.07128966442473171
val_prcauc: 0.4153911534589403
val_rocauc: 0.8555108514599254
val_loss: 0.07566740775845297
