test_mae: 0.5727759003639221
test_rmse: 0.7552216649055481
test_loss: 0.5727759088788714
train_mae: 0.10436795651912689
train_rmse: 0.1374761462211609
train_loss: 0.10436796616496784
val_mae: 0.5470612049102783
val_rmse: 0.7125704288482666
val_loss: 0.5470612112964902
