test_prcauc: 0.36029155600528057
test_rocauc: 0.7460099584037497
test_loss: 0.2508783738803284
train_prcauc: 0.6079828094912867
train_rocauc: 0.9104096054777143
train_loss: 0.15632581229270642
val_prcauc: 0.3748064619474078
val_rocauc: 0.7835140286860108
val_loss: 0.276562453919078