test_prcauc: 0.2096958246089723
test_rocauc: 0.7800425449077268
test_loss: 0.020345487037509918
train_prcauc: 0.8413551342567094
train_rocauc: 0.9989093729013329
train_loss: 0.0026435320397792776
val_prcauc: 0.1969654849044652
val_rocauc: 0.7650458848103029
val_loss: 0.014910567708120593
