test_mae: 3.063608890939504
test_rmse: 3.8618962079881167
test_loss: 14.914242321272994
train_mae: 0.48230823886312846
train_rmse: 0.5988777741844703
train_loss: 0.8197164535522461
val_mae: 3.6467736413562672
val_rmse: 5.101021457432711
val_loss: 26.02041990918893