test_prcauc: 0.9702380709919042
test_rocauc: 0.9218806509945751
test_loss: 0.2646256685256958
train_prcauc: 0.9848761796772433
train_rocauc: 0.9581755975697279
train_loss: 0.2533816945475939
val_prcauc: 0.9535219195941378
val_rocauc: 0.8999710144927536
val_loss: 0.33980409801006317