prcauc: 0.9711125301032697
rocauc: 0.9236889692585896 