test_mae: 0.41400957107543945
test_rmse: 0.5771252512931824
test_loss: 0.4140095994586036
train_mae: 0.13653647899627686
train_rmse: 0.2085944563150406
train_loss: 0.13653648127706683
val_mae: 0.4083671569824219
val_rmse: 0.5792739391326904
val_loss: 0.40836715556326364
