test_prcauc: 0.1654556184129291
test_rocauc: 0.7440757836188416
test_loss: 0.1867759251857505
train_prcauc: 0.8518063504633872
train_rocauc: 0.9812590962197043
train_loss: 0.072342969858218
val_prcauc: 0.2959329092902347
val_rocauc: 0.8104730060748578
val_loss: 0.08738256043151897