test_prcauc: 0.29396729628936485
test_rocauc: 0.6066082295710555
test_loss: 0.3190352536202932
train_prcauc: 0.6740210630041042
train_rocauc: 0.932276343918889
train_loss: 0.13689517594685877
val_prcauc: 0.35570556563312916
val_rocauc: 0.6585798477128121
val_loss: 0.3138479631905949