test_mae: 0.47023433446884155
test_rmse: 0.6363628506660461
test_loss: 0.4953051010767619
train_mae: 0.4014449119567871
train_rmse: 0.7635629773139954
train_loss: 0.40792523903979194
val_mae: 0.6128069162368774
val_rmse: 0.892685055732727
val_loss: 0.6055959463119507
