prcauc: 0.35262788259806377
rocauc: 0.7709933779686814
