test_prcauc: 0.6272776981993957
test_rocauc: 0.8093836226125531
test_OGBNanLabelloss: 0.19876596704125404
train_prcauc: 0.8916188326862163
train_rocauc: 0.9653092208914523
train_OGBNanLabelloss: 0.11770836705608027
val_prcauc: 0.8741844744446894
val_rocauc: 0.9647904672341876
val_OGBNanLabelloss: 0.10837924247607589
