test_mae: 0.5157188177108765
test_rmse: 0.7120630145072937
test_loss: 0.515718841126987
train_mae: 0.19752857089042664
train_rmse: 0.2853972911834717
train_loss: 0.19752858851903252
val_mae: 0.47115108370780945
val_rmse: 0.6433082222938538
val_loss: 0.47115111138139454
