prcauc: 0.6230660577013709
rocauc: 0.5817100069734905 