test_mae: 2.04030704498291
test_rmse: 2.6376190185546875
test_loss: 1.9140647252400715
train_mae: 0.6137735843658447
train_rmse: 0.8912238478660583
train_loss: 0.5995736949973636
val_mae: 2.5139682292938232
val_rmse: 3.7026047706604004
val_loss: 2.020913004875183
