prcauc: 0.7765984078578185
rocauc: 0.8214223613284646
