test_prcauc: 0.2024901234074072
test_rocauc: 0.7623727766082774
test_loss: 0.12075330811026304
train_prcauc: 0.2577706605864867
train_rocauc: 0.8078996810761312
train_loss: 0.2768491672448739
val_prcauc: 0.2701637046162001
val_rocauc: 0.8116763423476386
val_loss: 0.07968299676650677
