prcauc: 0.6715736825883578
rocauc: 0.849273624578598
