prcauc: 0.8618297043246654
rocauc: 0.8615892888193356 