test_prcauc: 0.6704578342052089
test_rocauc: 0.6237461419753088
test_loss: 1.1649889945983887
train_prcauc: 0.9871637184910337
train_rocauc: 0.9439909106211075
train_loss: 0.27943965777703833
val_prcauc: 0.8583099055412544
val_rocauc: 0.9158887885175147
val_loss: 0.47817859053611755