prcauc: 0.8631123539524065
rocauc: 0.8113538017720997
