test_prcauc: 0.8449173171477318
test_rocauc: 0.7763754378734803
test_loss: 0.9917994256724011
train_prcauc: 0.9423674758195553
train_rocauc: 0.9694205225514523
train_loss: 0.37794401857160753
val_prcauc: 0.4097606475314323
val_rocauc: 0.8385302879841112
val_loss: 1.3503698320551352
