test_prcauc: 0.6270338767229998
test_rocauc: 0.5832931445420962
test_loss: 0.6744603157043457
train_prcauc: 0.8457437804371959
train_rocauc: 0.8868859158739769
train_loss: 0.3276512912578053
val_prcauc: 0.632432483268358
val_rocauc: 0.6019145526458058
val_loss: 0.6061823070049286
