test_prcauc: 0.32678255328090106
test_rocauc: 0.6245960222075542
test_loss: 0.3927383589774654
train_prcauc: 0.6517094826186962
train_rocauc: 0.9228257003700141
train_loss: 0.14573028686481215
val_prcauc: 0.36319062348938674
val_rocauc: 0.6613718237620339
val_loss: 0.30761665340626176