test_prcauc: 0.9587795515199884
test_rocauc: 0.8927423059255856
test_loss: 0.3313021659851074
train_prcauc: 0.9911474751117225
train_rocauc: 0.9727806069269483
train_loss: 0.22399021590247145
val_prcauc: 0.9562610657158616
val_rocauc: 0.9025049282849569
val_loss: 0.3209711164236069