prcauc: 0.9586734471814122
rocauc: 0.8927094953737121 