test_prcauc: 0.9769036491014877
test_rocauc: 0.9210341525694223
test_loss: 0.2787895209409974
train_prcauc: 0.9846035144323282
train_rocauc: 0.9572999754988702
train_loss: 0.24888213545394441
val_prcauc: 0.9756107261383214
val_rocauc: 0.9299608688254977
val_loss: 0.27833402224562387
