test_prcauc: 0.6093134073868947
test_rocauc: 0.5557337356218409
test_loss: 0.7183621525764465
train_prcauc: 0.9030646946115516
train_rocauc: 0.9400528090572918
train_loss: 0.3078856499303413
val_prcauc: 0.6593608531047854
val_rocauc: 0.5995973420757664
val_loss: 0.6109278798103333