test_mae: 0.6599407196044922
test_rmse: 0.8484914302825928
test_loss: 0.6599407281194415
train_mae: 0.23258113861083984
train_rmse: 0.313952773809433
train_loss: 0.23258114619446651
val_mae: 0.5806295871734619
val_rmse: 0.7565183639526367
val_loss: 0.580629608460835
