test_prcauc: 0.3012547172033397
test_rocauc: 0.7278115386536493
test_OGBNanLabelloss: 0.2805022895336151
train_prcauc: 0.42929324752833176
train_rocauc: 0.8576694509998318
train_OGBNanLabelloss: 0.17353130752247486
val_prcauc: 0.35994719108448586
val_rocauc: 0.7909856271948871
val_OGBNanLabelloss: 0.2557306769821379
