test_prcauc: 0.32697000387723363
test_rocauc: 0.6193730834233137
test_loss: 0.3523863544474902
train_prcauc: 0.6070010662735761
train_rocauc: 0.8973788681434388
train_loss: 0.1548387099453446
val_prcauc: 0.3403398072161446
val_rocauc: 0.641795587223504
val_loss: 0.31173421408606317