test_prcauc: 0.47350923562035124
test_rocauc: 0.836092382451536
test_loss: 0.19912873953580856
train_prcauc: 0.5999931226062638
train_rocauc: 0.905947890402043
train_loss: 0.26543375059880847
val_prcauc: 0.4467034993264776
val_rocauc: 0.8352005090912042
val_loss: 0.1952285947278142
