test_prcauc: 0.6195251262365917
test_rocauc: 0.5946347349334895
test_loss: 0.5738762617111206
train_prcauc: 0.8574281656466803
train_rocauc: 0.9001201119333478
train_loss: 0.35611398547945217
val_prcauc: 0.6722023628212952
val_rocauc: 0.6524185166241403
val_loss: 0.5250030755996704