test_prcauc: 0.44482655380689634
test_rocauc: 0.8470475236974148
test_loss: 0.19941479417513003
train_prcauc: 0.558923830107978
train_rocauc: 0.897926283897803
train_loss: 0.15878443856527852
val_prcauc: 0.4234653723363771
val_rocauc: 0.8410125441020501
val_loss: 0.18322650104198815
