test_prcauc: 0.5109920908092374
test_rocauc: 0.549012529107149
test_loss: 0.4578275978565216
train_prcauc: 0.6261282745032778
train_rocauc: 0.7931139919930352
train_loss: 0.38563431890536215
val_prcauc: 0.5704112366881399
val_rocauc: 0.8597984175448964
val_loss: 0.3537377715110779