prcauc: 0.5036158240344684
rocauc: 0.5073641087130296 