test_mae: 1.5397170782089233
test_rmse: 2.152958631515503
test_loss: 1.533310095469157
train_mae: 0.6438006162643433
train_rmse: 0.8883299827575684
train_loss: 0.6322126620345645
val_mae: 1.9419527053833008
val_rmse: 2.9248995780944824
val_loss: 1.741592566172282
