prcauc: 0.2233134953643404
rocauc: 0.7264547403387474 