test_prcauc: 0.21531479509109014
test_rocauc: 0.7540470074740724
test_loss: 0.14521190020091393
train_prcauc: 0.4111520036411936
train_rocauc: 0.8587551358143262
train_loss: 0.12607874522867654
val_prcauc: 0.27224587893143337
val_rocauc: 0.8170745149911816
val_loss: 0.08840189479729708