test_mae: 0.8204475995096485
test_rmse: 1.0656764763249027
test_loss: 1.1356663521922608
train_mae: 0.30126989085580347
train_rmse: 0.417449782409161
train_loss: 0.3205438405275345
val_mae: 0.807673138247127
val_rmse: 0.9521993851305111
val_loss: 0.9066836690429231