test_mae: 2.131072998046875
test_rmse: 2.644444465637207
test_loss: 2.392358144124349
train_mae: 0.6999838948249817
train_rmse: 0.9735438227653503
train_loss: 0.6780694259537591
val_mae: 2.024134397506714
val_rmse: 2.3633337020874023
val_loss: 1.8425541321436565
