test_prcauc: 0.68161455864516
test_rocauc: 0.6631303387025851
test_OGBNanLabelloss: 0.578224641936166
train_prcauc: 0.8672096125959906
train_rocauc: 0.9112303729058779
train_OGBNanLabelloss: 0.30158986570313573
val_prcauc: 0.679190189551022
val_rocauc: 0.6595497359346026
val_OGBNanLabelloss: 0.5528288355895451
