prcauc: 0.6401308553311377
rocauc: 0.6064130567153947
