test_mae: 0.4992270767688751
test_rmse: 0.6760624647140503
test_loss: 0.49922707960719154
train_mae: 0.14616702497005463
train_rmse: 0.21054647862911224
train_loss: 0.14616703568976752
val_mae: 0.49533551931381226
val_rmse: 0.6978319883346558
val_loss: 0.4953355533736093
