prcauc: 0.7137239825498616
rocauc: 0.6669560185185184 