test_prcauc: 0.9606206128132264
test_rocauc: 0.8935297591705492
test_loss: 0.34808290004730225
train_prcauc: 0.9903175159759119
train_rocauc: 0.9705172875904584
train_loss: 0.21455307362764825
val_prcauc: 0.9532442583148261
val_rocauc: 0.9057338046359867
val_loss: 0.34024764597415924