test_prcauc: 0.871324932524089
test_rocauc: 0.8213253882267967
test_loss: 0.9808868672698736
train_prcauc: 0.996999103421957
train_rocauc: 0.9975604490500865
train_loss: 0.07299489564158851
val_prcauc: 0.5127823055651319
val_rocauc: 0.804122621564482
val_loss: 0.7564390264451504
