test_mae: 0.6113240744308346
test_rmse: 0.7872742877138228
test_loss: 0.6188051496819695
train_mae: 0.2318378338265632
train_rmse: 0.2931258959495576
train_loss: 0.15297420535768783
val_mae: 0.596264910033771
val_rmse: 0.7789959160894436
val_loss: 0.6091238565640307