mae: 2.341006623599678
rmse: 2.796733965991852 