mae: 1.86558198928833
rmse: 2.932523250579834
