prcauc: 0.6342171229882196
rocauc: 0.5932872138208429 