test_prcauc: 0.6348139607631376
test_rocauc: 0.5945738315996599
test_loss: 0.5404403209686279
train_prcauc: 0.8400222974293842
train_rocauc: 0.8844831476210478
train_loss: 0.3771412010251704
val_prcauc: 0.6837937568207266
val_rocauc: 0.6458321615022755
val_loss: 0.508361279964447