test_prcauc: 0.2791417186150473
test_rocauc: 0.7462338769718052
test_OGBNanLabelloss: 0.3032796213508777
train_prcauc: 0.5239999878366062
train_rocauc: 0.8887703938198529
train_OGBNanLabelloss: 0.1452981618227093
val_prcauc: 0.31276874861971454
val_rocauc: 0.7756583094841796
val_OGBNanLabelloss: 0.28619598091210957
