test_prcauc: 0.45673831741426935
test_rocauc: 0.8518335875737774
test_loss: 0.19655833200172143
train_prcauc: 0.5635217537494244
train_rocauc: 0.9040202362879627
train_loss: 0.16049174504559577
val_prcauc: 0.5195021387139932
val_rocauc: 0.8707522693329607
val_loss: 0.19899613244665992
