test_prcauc: 0.3574329581332385
test_rocauc: 0.7442906939495689
test_loss: 0.2645567680115163
train_prcauc: 0.7454662984816708
train_rocauc: 0.9524169549748805
train_loss: 0.1316841815019399
val_prcauc: 0.3954051550347084
val_rocauc: 0.7887584829412188
val_loss: 0.2792436574985762