test_mae: 0.645761803966193
test_rmse: 0.8149024613749708
test_loss: 0.6527053249128394
train_mae: 0.3758121228043788
train_rmse: 0.4756318000133653
train_loss: 0.32944334191935404
val_mae: 0.6754392973262638
val_rmse: 0.8591439888291038
val_loss: 0.7383699053123689