prcauc: 0.17810506505897733
rocauc: 0.7404449680372354 