test_prcauc: 0.7116701139190217
test_rocauc: 0.6616512345679012
test_loss: 0.9802201390266418
train_prcauc: 0.9725929076063492
train_rocauc: 0.883964540200864
train_loss: 0.3424481715171762
val_prcauc: 0.8381595009428995
val_rocauc: 0.9158887885175148
val_loss: 0.3957730531692505