test_prcauc: 0.6710722006590674
test_rocauc: 0.8904579103515606
test_loss: 0.18868649005889893
train_prcauc: 0.843089530793435
train_rocauc: 0.9518311215151403
train_loss: 0.15937352538402821
val_prcauc: 0.6166245852048722
val_rocauc: 0.7707219251336899
val_loss: 0.2532634139060974