test_prcauc: 0.7117009420660843
test_rocauc: 0.8750609514235107
test_loss: 0.14294111914932728
train_prcauc: 0.9163939886563051
train_rocauc: 0.9806418851876594
train_loss: 0.09933664037712983
val_prcauc: 0.9311068273060157
val_rocauc: 0.9810564080704747
val_loss: 0.09635040408466011
