test_prcauc: 0.3510342345020438
test_rocauc: 0.7534458288781375
test_loss: 0.24009334602983384
train_prcauc: 0.582489311075011
train_rocauc: 0.9060399228122252
train_loss: 0.1628316803998596
val_prcauc: 0.35762949419836304
val_rocauc: 0.7903170212830032
val_loss: 0.2679253920515695