test_prcauc: 0.8335588502553122
test_rocauc: 0.8624901841026088
test_loss: 0.7761078549162697
train_prcauc: 1.0
train_rocauc: 1.0
train_loss: 0.0076118961216941955
val_prcauc: 0.8654348383135009
val_rocauc: 0.9268227064837234
val_loss: 0.46875402839346364
