test_prcauc: 0.33875577468551477
test_rocauc: 0.7277972468564183
test_loss: 0.259514265759949
train_prcauc: 0.5349529664910061
train_rocauc: 0.8934231337612313
train_loss: 0.1682845828539297
val_prcauc: 0.3421604859307496
val_rocauc: 0.7804149036104123
val_loss: 0.28778458567310233