test_prcauc: 0.4810245476861979
test_rocauc: 0.8472448546397678
test_loss: 0.19509194552336098
train_prcauc: 0.617135450557346
train_rocauc: 0.9184941279872559
train_loss: 0.1487236434392109
val_prcauc: 0.41495932908115263
val_rocauc: 0.8381434967911637
val_loss: 0.18606758187964278
