test_prcauc: 0.8673781387359423
test_rocauc: 0.8013084689882546
test_loss: 0.7680194330486384
train_prcauc: 0.944518725456525
train_rocauc: 0.9543667591105921
train_loss: 0.31487761918575535
val_prcauc: 0.4825420299885161
val_rocauc: 0.8130089374379343
val_loss: 0.33035882088271057
