test_prcauc: 0.29124650287568077
test_rocauc: 0.7341895362984994
test_loss: 0.20277182044220102
train_prcauc: 0.9656246856597056
train_rocauc: 0.9986559175612351
train_loss: 0.04127185293569874
val_prcauc: 0.2899517047928099
val_rocauc: 0.8452243165784833
val_loss: 0.9190725183941759
