test_prcauc: 0.6472588737087284
test_rocauc: 0.6121459209649203
test_loss: 0.5215609754834857
train_prcauc: 0.6929202164008409
train_rocauc: 0.7187509535670585
train_loss: 0.4804184166714549
val_prcauc: 0.663680810013014
val_rocauc: 0.6632583871452524
val_loss: 0.661800857101168
