test_prcauc: 0.22749901105821238
test_rocauc: 0.7375994474431454
test_loss: 0.13223731586962795
train_prcauc: 0.4428319164124155
train_rocauc: 0.8783523025004657
train_loss: 0.16492775571920598
val_prcauc: 0.24149407696792333
val_rocauc: 0.7595364185585174
val_loss: 0.576413344573772
