test_prcauc: 0.1104575273281339
test_rocauc: 0.7912234839891052
test_loss: 0.0291618991495706
train_prcauc: 0.1594432326386169
train_rocauc: 0.895363215680967
train_loss: 0.020708184034839847
val_prcauc: 0.19614227615602964
val_rocauc: 0.7648591640593841
val_loss: 0.052489864858731305
