test_prcauc: 0.417311535270448
test_rocauc: 0.8125274093462849
test_loss: 0.1192136440764774
train_prcauc: 0.5733353214578403
train_rocauc: 0.931923135511792
train_loss: 0.094660880321522
val_prcauc: 0.3764354256485438
val_rocauc: 0.8086780371050859
val_loss: 0.12267133740313126