prcauc: 0.40268668141742614
rocauc: 0.7795756659753758
