test_prcauc: 0.5435670766803559
test_rocauc: 0.6972326486636778
test_loss: 0.7473770380020142
train_prcauc: 1.0
train_rocauc: 1.0
train_loss: 0.01923072912970559
val_prcauc: 0.5979005393058937
val_rocauc: 0.8988681506287141
val_loss: 0.38896411657333374