test_prcauc: 0.021067125885480313
test_rocauc: 0.7089310879435107
test_loss: 0.017171826776707696
train_prcauc: 0.055141596859502554
train_rocauc: 0.8789005295659615
train_loss: 0.012408440019384646
val_prcauc: 0.028958933832144387
val_rocauc: 0.7911329788424107
val_loss: 0.016115621048395045