prcauc: 0.36131638341891864
rocauc: 0.7563166507831839
