mae: 0.9809578061103821
rmse: 1.6628689765930176
