test_prcauc: 0.9734720970721374
test_rocauc: 0.9272632129774987
test_loss: 0.32892969250679016
train_prcauc: 0.9959350297966507
train_rocauc: 0.9876335958005249
train_loss: 0.13293817281930537
val_prcauc: 0.9716626601292286
val_rocauc: 0.9165120593692023
val_loss: 0.4031698405742645