test_mae: 0.5865728134725775
test_rmse: 0.7491215808907374
test_loss: 0.5537964340761891
train_mae: 0.3833098512346013
train_rmse: 0.4959747235994525
train_loss: 0.331425384751388
val_mae: 0.5554603869538932
val_rmse: 0.7384804893229507
val_loss: 0.5359530959708934