test_mae: 0.6587996482849121
test_rmse: 0.8252412676811218
test_loss: 0.6587996355124882
train_mae: 0.407591849565506
train_rmse: 0.5578098893165588
train_loss: 0.4075918679258653
val_mae: 0.6175675988197327
val_rmse: 0.7953230738639832
val_loss: 0.6175676264933178
