test_mae: 2.6139835302531718
test_rmse: 3.37139475761156
test_loss: 11.36630261165071
train_mae: 0.5009424326899817
train_rmse: 0.6422603588368097
train_loss: 0.6791914999485016
val_mae: 2.8963980929739774
val_rmse: 4.261817530223954
val_loss: 18.163088660924203