test_mae: 0.5431976914405823
test_rmse: 1.3473254442214966
test_loss: 0.5431977595601764
train_mae: 0.2580059766769409
train_rmse: 0.9219830632209778
train_loss: 0.2580060037423153
val_mae: 0.49016308784484863
val_rmse: 0.6896681189537048
val_loss: 0.4901631417728606
