test_mae: 0.8002039194107056
test_rmse: 1.0247251987457275
test_loss: 0.7876767665147781
train_mae: 0.3118957281112671
train_rmse: 2.4188754558563232
train_loss: 0.30365590510829804
val_mae: 0.7267134189605713
val_rmse: 1.0090065002441406
val_loss: 0.7213715016841888
