test_mae: 0.7393479347229004
test_rmse: 0.9470784068107605
test_loss: 0.7393478836332049
train_mae: 0.22457899153232574
train_rmse: 0.42685195803642273
train_loss: 0.22457900177687407
val_mae: 0.6983234286308289
val_rmse: 0.890322744846344
val_loss: 0.6983234797205243
