test_mae: 1.0062130189087013
test_rmse: 1.2183004781697546
test_loss: 1.484256055108653
train_mae: 0.4978035313784746
train_rmse: 0.6244928205529511
train_loss: 0.5014773681759834
val_mae: 0.8989921252579817
val_rmse: 1.1030430338477208
val_loss: 1.2167039345199842