test_prcauc: 0.08930849464963422
test_rocauc: 0.69798364867966
test_loss: 0.015792470306796196
train_prcauc: 0.16441921832372716
train_rocauc: 0.8919449261444337
train_loss: 0.00972875991965485
val_prcauc: 0.06523620988568064
val_rocauc: 0.7264374554395322
val_loss: 0.016732430869327998
