test_mae: 2.3556768894195557
test_rmse: 2.8468191623687744
test_loss: 2.5968221028645835
train_mae: 0.7166652679443359
train_rmse: 1.0968855619430542
train_loss: 0.7302061104112201
val_mae: 2.40682053565979
val_rmse: 3.9086055755615234
val_loss: 2.057525157928467
