test_prcauc: 0.4788686953640664
test_rocauc: 0.847856024352515
test_loss: 0.18632154387456398
train_prcauc: 0.7101042263266227
train_rocauc: 0.937048054670639
train_loss: 0.1270033507184549
val_prcauc: 0.5259260563029087
val_rocauc: 0.8774372226631236
val_loss: 0.19320252841269528
