test_prcauc: 0.35151693522970195
test_rocauc: 0.6692032188770672
test_loss: 0.3093805372021919
train_prcauc: 0.5901762114425768
train_rocauc: 0.8894631820077317
train_loss: 0.1348900710098186
val_prcauc: 0.37684309435466556
val_rocauc: 0.6812696081097834
val_loss: 0.2626929692057676
