test_prcauc: 0.45447765172782956
test_rocauc: 0.7601637536792215
test_loss: 0.21217223231134744
train_prcauc: 0.6404037620628342
train_rocauc: 0.9063245876138651
train_loss: 0.12988433544422343
val_prcauc: 0.44514163167249765
val_rocauc: 0.7652694976105672
val_loss: 0.19839621104043106
