test_mae: 0.5828171460907611
test_rmse: 0.7409053362589623
test_loss: 0.5571071120449781
train_mae: 0.3491939019792441
train_rmse: 0.44594691761074495
train_loss: 0.2603703799347083
val_mae: 0.5734533997420517
val_rmse: 0.7645337912451041
val_loss: 0.6156499249639915