mae: 0.45589762926101685
rmse: 0.5830250978469849
