test_mae: 0.9320671319381327
test_rmse: 1.166393711060669
test_loss: 1.3604742892018793
train_mae: 0.3487535226998001
train_rmse: 0.4751732302846639
train_loss: 0.3778371214866638
val_mae: 0.7940103532070607
val_rmse: 0.9660845718345439
val_loss: 0.9333193999367339