test_mae: 0.4659007787704468
test_rmse: 0.6802467107772827
test_loss: 0.41552191972732544
train_mae: 0.19574744999408722
train_rmse: 0.32294633984565735
train_loss: 0.1930895886487431
val_mae: 0.4546491205692291
val_rmse: 0.7084738612174988
val_loss: 0.45454339186350506
