test_prcauc: 0.8765098373627156
test_rocauc: 0.7750993138317082
test_loss: 0.9373893737792969
train_prcauc: 0.9578646781506861
train_rocauc: 0.965173431203224
train_loss: 0.26863971508563367
val_prcauc: 0.4221185501373952
val_rocauc: 0.7424947145877377
val_loss: 0.841533362865448