mae: 0.9576801061630249
rmse: 1.256205439567566
