test_prcauc: 0.37795359016023466
test_rocauc: 0.767422531465756
test_loss: 0.26480337259946046
train_prcauc: 0.6993591526960218
train_rocauc: 0.9353546441334958
train_loss: 0.122319807525742
val_prcauc: 0.4183943253332851
val_rocauc: 0.8092491750065854
val_loss: 0.2456575612779017
