test_prcauc: 0.26689018964301214
test_rocauc: 0.7299696788273238
test_loss: 0.14076508815818722
train_prcauc: 0.3505288054477325
train_rocauc: 0.828963760394142
train_loss: 0.1317862241903325
val_prcauc: 0.2609820760664584
val_rocauc: 0.8132838526357045
val_loss: 0.4438440101423665
