test_prcauc: 0.8415842901247669
test_rocauc: 0.739346334416757
test_loss: 1.016492247581482
train_prcauc: 0.9743601552631114
train_rocauc: 0.978040443293034
train_loss: 0.24103361117874722
val_prcauc: 0.44284568653222867
val_rocauc: 0.7578224101479915
val_loss: 0.7722416520118713