prcauc: 0.6406128266962132
rocauc: 0.6175312042959588
