test_prcauc: 0.33516759939738355
test_rocauc: 0.6358610324404121
test_OGBNanLabelloss: 0.357161073849119
train_prcauc: 0.5250240209849705
train_rocauc: 0.8520760117772134
train_OGBNanLabelloss: 0.15544011616290396
val_prcauc: 0.3605764791896114
val_rocauc: 0.6552642178502461
val_OGBNanLabelloss: 0.319185637708368
