test_prcauc: 0.9501080897808998
test_rocauc: 0.8820779914529915
test_loss: 0.599213281912463
train_prcauc: 0.999904047681416
train_rocauc: 0.999693240196622
train_loss: 0.03023579299858794
val_prcauc: 0.9766998134056979
val_rocauc: 0.9385560675883257
val_loss: 0.36005467282874243
