prcauc: 0.9708736386458967
rocauc: 0.9128939636752137
