test_prcauc: 0.4438252132651049
test_rocauc: 0.8257101800173577
test_loss: 0.2150186740101589
train_prcauc: 0.7548978041251541
train_rocauc: 0.9543536115641141
train_loss: 0.1381253174879102
val_prcauc: 0.45304334688371256
val_rocauc: 0.8432276511716309
val_loss: 0.20030715074771638