test_prcauc: 0.11701658456062185
test_rocauc: 0.7413010786787707
test_loss: 0.01795311375951597
train_prcauc: 0.5349507802388207
train_rocauc: 0.9876555565908625
train_loss: 0.007687178500916705
val_prcauc: 0.19204704070534673
val_rocauc: 0.792501668541656
val_loss: 0.015724501232665722