test_mae: 1.712180256843567
test_rmse: 2.368446111679077
test_loss: 1.5689570903778076
train_mae: 0.765494167804718
train_rmse: 1.031785011291504
train_loss: 0.7963453398810493
val_mae: 2.3548474311828613
val_rmse: 3.293581008911133
val_loss: 1.9569613933563232
