test_prcauc: 0.3671256992209768
test_rocauc: 0.7483792441844218
test_loss: 0.2485795627064028
train_prcauc: 0.6399631994344609
train_rocauc: 0.9179199194959252
train_loss: 0.1527260751231094
val_prcauc: 0.3423999071051819
val_rocauc: 0.7781143233843931
val_loss: 0.2837598503261687