test_mae: 3.1728483323380354
test_rmse: 4.454439294690828
test_loss: 19.842029430085727
train_mae: 0.5538456441427047
train_rmse: 0.700924805810679
train_loss: 0.7036872804164886
val_mae: 2.968188248705119
val_rmse: 3.9601896566300843
val_loss: 15.683102116479905