test_mae: 1.0362702859133748
test_rmse: 1.4105417626351866
test_loss: 1.989628064137979
train_mae: 0.3795943667508918
train_rmse: 0.48579005467832964
train_loss: 0.29402966797351837
val_mae: 1.044376225296375
val_rmse: 1.3330780758536271
val_loss: 1.7770971563216091