test_mae: 1.7242847681045532
test_rmse: 2.3916964530944824
test_loss: 1.7121930718421936
train_mae: 0.46692582964897156
train_rmse: 0.718978226184845
train_loss: 0.46695897976557416
val_mae: 0.8856708407402039
val_rmse: 1.155526041984558
val_loss: 0.8717661599318186
