mae: 0.8884708491381819
rmse: 1.1453989848162272 