test_mae: 0.4650300662166433
test_rmse: 0.6180486721431644
test_loss: 0.39968105716702884
train_mae: 0.35636301116887037
train_rmse: 0.46162429336752403
train_loss: 0.29810042679309845
val_mae: 0.5230766043817371
val_rmse: 0.7056262632670101
val_loss: 0.4974300432757651