test_prcauc: 0.14233031673127314
test_rocauc: 0.7471299370552252
test_loss: 0.5702877379750664
train_prcauc: 0.48046275096611446
train_rocauc: 0.8874119973968978
train_loss: 0.18178281083223236
val_prcauc: 0.23234966430059492
val_rocauc: 0.7532455030054791
val_loss: 0.32321375848217443
