test_prcauc: 0.6805229350533898
test_rocauc: 0.7350581216229026
test_loss: 0.3543199524283409
train_prcauc: 0.9939423935205849
train_rocauc: 0.9988326458389356
train_loss: 0.021587079839082434
val_prcauc: 0.8480423427991165
val_rocauc: 0.9624609136220436
val_loss: 0.16504466719925404
