test_mae: 0.5032116770744324
test_rmse: 0.6960518956184387
test_loss: 0.5032116983618055
train_mae: 0.15061749517917633
train_rmse: 0.23257584869861603
train_loss: 0.15061749411480768
val_mae: 0.5079523324966431
val_rmse: 0.6957675814628601
val_loss: 0.5079523463334356
