test_prcauc: 0.8352302672935829
test_rocauc: 0.8963124658922585
test_loss: 0.41067811846733093
train_prcauc: 0.9181812817695917
train_rocauc: 0.932628686375229
train_loss: 0.3792505394116965
val_prcauc: 0.8164646268700798
val_rocauc: 0.840456513183786
val_loss: 0.5345584750175476