test_prcauc: 0.5822136048070097
test_rocauc: 0.8174384278002699
test_loss: 0.2793295681476593
train_prcauc: 0.5954631806139707
train_rocauc: 0.7578417645158078
train_loss: 0.3701334161636316
val_prcauc: 0.5652516162097038
val_rocauc: 0.7272492626698474
val_loss: 0.3053584396839142