test_mae: 0.6749403657700334
test_rmse: 0.8602603713661173
test_loss: 0.7280398963478278
train_mae: 0.35870071340137205
train_rmse: 0.45266724546970855
train_loss: 0.348141359431403
val_mae: 0.723095963473831
val_rmse: 0.9200024230705293
val_loss: 0.8589995598233165