test_mae: 2.485027830898762
test_rmse: 3.088349447573408
test_loss: 9.537902310326974
train_mae: 0.6276084928334109
train_rmse: 0.8138349455009899
train_loss: 1.4785909056663513
val_mae: 2.4590519078262147
val_rmse: 3.663110472628004
val_loss: 13.418378334676959