test_prcauc: 0.3438299163006985
test_rocauc: 0.6394462048418482
test_OGBNanLabelloss: 0.38596374824129304
train_prcauc: 0.6161036844244323
train_rocauc: 0.8974735497548058
train_OGBNanLabelloss: 0.1256189376571293
val_prcauc: 0.36130297473927436
val_rocauc: 0.6738151716409033
val_OGBNanLabelloss: 0.3320750717459054
