test_prcauc: 0.8331991071961606
test_rocauc: 0.8872695346795434
test_loss: 0.4085416942834854
train_prcauc: 0.9718190289211897
train_rocauc: 0.9769966199903428
train_loss: 0.19623219648875842
val_prcauc: 0.9292270072143455
val_rocauc: 0.9293248945147679
val_loss: 0.2908921704317133
