test_prcauc: 0.3580798225588924
test_rocauc: 0.7431185473796761
test_loss: 0.2779393599490925
train_prcauc: 0.7223499651540527
train_rocauc: 0.9501135046978105
train_loss: 0.13494360356267968
val_prcauc: 0.37247073851332907
val_rocauc: 0.7694865680077309
val_loss: 0.30936856932257417