test_prcauc: 0.4200430288950773
test_rocauc: 0.8032536151279199
test_loss: 0.4784269906897638
train_prcauc: 0.5928881614041395
train_rocauc: 0.9453411348744765
train_loss: 0.11228928154286884
val_prcauc: 0.4160069939208382
val_rocauc: 0.8284527187641797
val_loss: 0.11424958466997613
