test_mae: 0.6471539735794067
test_rmse: 0.8393585681915283
test_loss: 0.6471539778368813
train_mae: 0.33548811078071594
train_rmse: 0.4461480379104614
train_loss: 0.3354881150381906
val_mae: 0.6014333963394165
val_rmse: 0.789641261100769
val_loss: 0.6014334048543658
