test_prcauc: 0.39868664741742843
test_rocauc: 0.8209936567367636
test_loss: 0.2860605679090741
train_prcauc: 0.6696617789559366
train_rocauc: 0.9647802839972724
train_loss: 0.10116371974460586
val_prcauc: 0.3964237634109896
val_rocauc: 0.8242920468545059
val_loss: 0.2904255274678716
