test_prcauc: 0.8957760911755612
test_rocauc: 0.8011014806789454
test_loss: 0.961371123790741
train_prcauc: 0.9598488159629127
train_rocauc: 0.9682930339666092
train_loss: 0.29206382804816167
val_prcauc: 0.42995566631670556
val_rocauc: 0.7554968287526427
val_loss: 0.7696200013160706