test_mae: 0.48306697607040405
test_rmse: 0.6459171175956726
test_loss: 0.4714166559278965
train_mae: 0.3209697902202606
train_rmse: 0.4426042437553406
train_loss: 0.3193020490200623
val_mae: 0.48922720551490784
val_rmse: 0.6867077350616455
val_loss: 0.49339715018868446
