test_prcauc: 0.3002690859275851
test_rocauc: 0.6012359778901628
test_loss: 0.3183964502802515
train_prcauc: 0.4742103141183957
train_rocauc: 0.8407541262906033
train_loss: 0.16365045722740384
val_prcauc: 0.3576068875627156
val_rocauc: 0.6673395725848096
val_loss: 0.27532350820592694