prcauc: 0.2999570926784214
rocauc: 0.5998035649117718 