test_prcauc: 0.2928292080457913
test_rocauc: 0.5884408282673493
test_loss: 0.3193223836205619
train_prcauc: 0.49202495445436156
train_rocauc: 0.8441233328312385
train_loss: 0.16344031394293243
val_prcauc: 0.3486924234593988
val_rocauc: 0.6534729741172571
val_loss: 0.2781200179780469