test_mae: 0.44525596499443054
test_rmse: 0.608603835105896
test_loss: 0.4381418079137802
train_mae: 0.28187474608421326
train_rmse: 0.4013485312461853
train_loss: 0.2793760727281156
val_mae: 0.46484941244125366
val_rmse: 0.666155219078064
val_loss: 0.4667682833969593
