test_mae: 0.8673590421676636
test_rmse: 1.110536813735962
test_loss: 0.8673589783055442
train_mae: 0.8830122947692871
train_rmse: 1.116213083267212
train_loss: 0.8830122990267617
val_mae: 0.8981168270111084
val_rmse: 1.1100956201553345
val_loss: 0.8981168184961591
