test_mae: 0.4340989887714386
test_rmse: 0.5608331561088562
test_loss: 0.42836181819438934
train_mae: 0.3318253457546234
train_rmse: 0.5489419102668762
train_loss: 0.3281400626705539
val_mae: 0.42182108759880066
val_rmse: 0.5360798835754395
val_loss: 0.4248979240655899
