test_prcauc: 0.7570589000857886
test_rocauc: 0.6894290123456791
test_loss: 2.922569751739502
train_prcauc: 1.0
train_rocauc: 1.0
train_loss: 0.05476465165834248
val_prcauc: 0.8771133071107047
val_rocauc: 0.9246210980628325
val_loss: 1.177169919013977