test_mae: 1.7880902290344238
test_rmse: 2.445300340652466
test_loss: 1.9867414236068726
train_mae: 0.5564191341400146
train_rmse: 0.804543137550354
train_loss: 0.5456186019712024
val_mae: 2.3195390701293945
val_rmse: 3.2930712699890137
val_loss: 2.3598827521006265
