test_prcauc: 0.715957258279942
test_rocauc: 0.7018711419753086
test_loss: 2.143142972673689
train_prcauc: 1.0
train_rocauc: 1.0
train_loss: 0.0001563355687143154
val_prcauc: 0.9334586552604947
val_rocauc: 0.963257990640247
val_loss: 0.5136373158145163
