test_mae: 0.8757953643798828
test_rmse: 1.2896987199783325
test_loss: 0.8651973903179169
train_mae: 0.26847270131111145
train_rmse: 0.39199769496917725
train_loss: 0.270614561534697
val_mae: 0.6851606369018555
val_rmse: 0.9321157336235046
val_loss: 0.6739962249994278
