test_mae: 0.6676312891202314
test_rmse: 0.8414918552833911
test_loss: 0.7073683578284863
train_mae: 0.2036057446665973
train_rmse: 0.26096763420278885
train_loss: 0.1373602705342429
val_mae: 0.6573357496495758
val_rmse: 0.8458957614867472
val_loss: 0.7274437959679892