mae: 0.6608410767898673
rmse: 0.8326285270381564 