test_prcauc: 0.36834930966399887
test_rocauc: 0.6731701941687819
test_loss: 0.3117522155416423
train_prcauc: 0.529153936868541
train_rocauc: 0.8586055272501244
train_loss: 0.15635546651469567
val_prcauc: 0.3933138133783785
val_rocauc: 0.6975483340468572
val_loss: 0.26462084877079933
