test_prcauc: 0.08002048234848609
test_rocauc: 0.7318869970899291
test_loss: 0.01798419976020577
train_prcauc: 0.13619954876514956
train_rocauc: 0.8900419148960402
train_loss: 0.015257691531325815
val_prcauc: 0.0592930102227585
val_rocauc: 0.7635324620673681
val_loss: 0.01624845544256093
