test_prcauc: 0.2607250980108466
test_rocauc: 0.7974507039533402
test_loss: 0.24661363571905656
train_prcauc: 0.9461856841047305
train_rocauc: 0.9994187800106048
train_loss: 0.030595404166938282
val_prcauc: 0.19325237708144993
val_rocauc: 0.8189116696061141
val_loss: 0.2720294197615263
