test_mae: 1.6503454446792603
test_rmse: 2.188185930252075
test_loss: 1.699206272761027
train_mae: 1.0353466272354126
train_rmse: 1.4206730127334595
train_loss: 0.9997765488094754
val_mae: 2.4408116340637207
val_rmse: 3.4033117294311523
val_loss: 2.292973597844442
