test_mae: 0.5119963949371492
test_rmse: 0.7041349020917191
test_loss: 0.4958059603437149
train_mae: 0.28817777579581955
train_rmse: 0.377273522255197
train_loss: 0.3096545338630676
val_mae: 0.48677088659180534
val_rmse: 0.7013422616789879
val_loss: 0.49188096801699804