test_prcauc: 0.693288634758502
test_rocauc: 0.709094070596418
test_loss: 1.8728523254394531
train_prcauc: 0.9904549540727368
train_rocauc: 0.9930707762557077
train_loss: 0.18187151899633602
val_prcauc: 0.9312314325044213
val_rocauc: 0.6996336996336997
val_loss: 1.3788917064666748