prcauc: 0.6473050796260037
rocauc: 0.6401009877812106 