test_prcauc: 0.6425887956617671
test_rocauc: 0.6346006717261399
test_loss: 0.5760223269462585
train_prcauc: 0.8348545460209962
train_rocauc: 0.87642501035206
train_loss: 0.3792434693446296
val_prcauc: 0.6901754637477615
val_rocauc: 0.6677738276250733
val_loss: 0.5343213677406311