test_prcauc: 0.6596679259231877
test_rocauc: 0.6382056396194108
test_loss: 0.4986107283168369
train_prcauc: 0.6947339421565779
train_rocauc: 0.7050962539781884
train_loss: 0.4811950789557563
val_prcauc: 0.6330243438439372
val_rocauc: 0.6349364291159482
val_loss: 0.5339640511406792
