test_mae: 0.6940703988075256
test_rmse: 0.8997409343719482
test_loss: 0.6878925561904907
train_mae: 0.2647641599178314
train_rmse: 0.3923901617527008
train_loss: 0.2590652824409546
val_mae: 0.6468735337257385
val_rmse: 0.8779180645942688
val_loss: 0.6449151113629341
