test_prcauc: 0.7055844470175137
test_rocauc: 0.7273517649104504
test_loss: 1.4632521867752075
train_prcauc: 0.9751438025812184
train_rocauc: 0.9820405251141553
train_loss: 0.3116399750514286
val_prcauc: 0.9575152991820675
val_rocauc: 0.7747252747252749
val_loss: 1.880752444267273