test_prcauc: 0.6452631882899681
test_rocauc: 0.6235501649980345
test_loss: 0.5123015940189362
train_prcauc: 0.7103106424105995
train_rocauc: 0.7320116397938479
train_loss: 0.46113203279674053
val_prcauc: 0.6576630546766273
val_rocauc: 0.6509155219198663
val_loss: 0.4962197073868343
