mae: 0.6016937643112171
rmse: 0.7643762832239577 