test_prcauc: 0.6253824765240699
test_rocauc: 0.5963399365644099
test_loss: 0.5597840547561646
train_prcauc: 0.8210637145101124
train_rocauc: 0.8643445219463758
train_loss: 0.39199555938676484
val_prcauc: 0.6835593540008209
val_rocauc: 0.6520519877082918
val_loss: 0.4924260675907135