test_prcauc: 0.606367866667725
test_rocauc: 0.5558655345989542
test_loss: 0.5740209988185337
train_prcauc: 0.7712494580157598
train_rocauc: 0.8273242093250173
train_loss: 0.39586258586496115
val_prcauc: 0.6733414371653469
val_rocauc: 0.6138983490797131
val_loss: 0.5097590897764478
