test_prcauc: 0.8515087490702116
test_rocauc: 0.8044420368364029
test_loss: 1.3568545803427696
train_prcauc: 0.9999869791289904
train_rocauc: 0.9999892055267703
train_loss: 0.011819272389402613
val_prcauc: 0.5942822671721333
val_rocauc: 0.8262156448202959
val_loss: 0.8741473220288754
