test_prcauc: 0.32555050786628514
test_rocauc: 0.6220638438396958
test_loss: 0.35476094270958564
train_prcauc: 0.6597825523110621
train_rocauc: 0.926465411865799
train_loss: 0.14438264211377214
val_prcauc: 0.36738359958469297
val_rocauc: 0.668256270381985
val_loss: 0.29863138500799485