test_mae: 0.6419928669929504
test_rmse: 0.823877215385437
test_loss: 0.6355470195412636
train_mae: 0.32883408665657043
train_rmse: 0.4375496804714203
train_loss: 0.34056328525466306
val_mae: 0.6248263716697693
val_rmse: 0.8547165989875793
val_loss: 0.6224948912858963
