test_prcauc: 0.287339135167972
test_rocauc: 0.7537924852526846
test_OGBNanLabelloss: 0.31964516991151953
train_prcauc: 0.6080394810155347
train_rocauc: 0.9183321032962856
train_OGBNanLabelloss: 0.1519298898234109
val_prcauc: 0.3039700777722615
val_rocauc: 0.7740964649382418
val_OGBNanLabelloss: 0.2965514943847116
