test_mae: 0.5492438673973083
test_rmse: 1.3483718633651733
test_loss: 0.5369010965029398
train_mae: 0.33911460638046265
train_rmse: 0.4714921712875366
train_loss: 0.3387998033452917
val_mae: 0.5070055723190308
val_rmse: 0.7080833911895752
val_loss: 0.5101325064897537
