test_prcauc: 0.6828182801739403
test_rocauc: 0.6603009259259259
test_loss: 1.203909158706665
train_prcauc: 0.9761197947864431
train_rocauc: 0.90911041912136
train_loss: 0.27430484357578117
val_prcauc: 0.8534398904197951
val_rocauc: 0.9191006724882064
val_loss: 0.3931904137134552