test_prcauc: 0.6314641730505338
test_rocauc: 0.5931316428361948
test_loss: 0.5196819752454758
train_prcauc: 0.7315522836177388
train_rocauc: 0.7706171970214796
train_loss: 0.45633403825406327
val_prcauc: 0.6302985063393522
val_rocauc: 0.5789339696081607
val_loss: 0.49156321585178375