test_prcauc: 0.19204949351097403
test_rocauc: 0.7357500144846365
test_loss: 0.14297837479149594
train_prcauc: 0.6887333740142598
train_rocauc: 0.948387231788389
train_loss: 0.09338290037179724
val_prcauc: 0.3659072109287161
val_rocauc: 0.8059658534195571
val_loss: 0.08456174349960159