prcauc: 0.6971111895113906
rocauc: 0.6824845679012346 