test_prcauc: 0.06368574995884504
test_rocauc: 0.7057927570221351
test_loss: 0.01522568600511495
train_prcauc: 0.047640440625526685
train_rocauc: 0.8410368943063061
train_loss: 0.012976920453276789
val_prcauc: 0.10523760754694858
val_rocauc: 0.7631495193730805
val_loss: 0.013743800304395334