test_prcauc: 0.6728661999993188
test_rocauc: 0.8803035042321874
test_loss: 0.19407904148101807
train_prcauc: 0.7585027984667836
train_rocauc: 0.9291173141733433
train_loss: 0.19538426648812973
val_prcauc: 0.6154854368888888
val_rocauc: 0.8272058823529411
val_loss: 0.24059541523456573