test_prcauc: 0.7582204229105342
test_rocauc: 0.75830290384281
test_loss: 2.443949987490972
train_prcauc: 0.9999913554633472
train_rocauc: 0.999994292237443
train_loss: 0.015425818390212953
val_prcauc: 0.9594586152376523
val_rocauc: 0.772893772893773
val_loss: 1.6489904920260112
