test_prcauc: 0.1683676093183876
test_rocauc: 0.7618532609745263
test_loss: 0.1646258304552997
train_prcauc: 0.7387182279874958
train_rocauc: 0.9695203721489284
train_loss: 0.08052957952643411
val_prcauc: 0.35877908256372704
val_rocauc: 0.8237311385459534
val_loss: 0.08346828632056713