test_prcauc: 0.3163854463034124
test_rocauc: 0.7681314693070664
test_loss: 0.6523186923177154
train_prcauc: 0.46470003006069155
train_rocauc: 0.8876215149697962
train_loss: 0.1861844455653971
val_prcauc: 0.34227989020655264
val_rocauc: 0.8013241393031846
val_loss: 0.3105532896739465
