test_mae: 0.748482882976532
test_rmse: 1.1013668775558472
test_loss: 0.741853678226471
train_mae: 0.6390477418899536
train_rmse: 1.8903919458389282
train_loss: 0.6384179981855246
val_mae: 0.803016185760498
val_rmse: 1.1448822021484375
val_loss: 0.878469455242157
