test_mae: 0.4982063924053258
test_rmse: 0.6772031919017197
test_loss: 0.45860416312187735
train_mae: 0.3279235370837227
train_rmse: 0.4468325317779243
train_loss: 0.34510087221860886
val_mae: 0.4492660922408104
val_rmse: 0.5947867857121899
val_loss: 0.3537713204578385