test_prcauc: 0.6831733549748831
test_rocauc: 0.6820023148148149
test_loss: 1.864735679967063
train_prcauc: 0.9992922941527559
train_rocauc: 0.9959267086356008
train_loss: 0.0722122272984548
val_prcauc: 0.9442094584918242
val_rocauc: 0.9661455740316638
val_loss: 0.3944339065679482
