mae: 2.2998156547546387
rmse: 3.389472246170044
