test_mae: 0.6191255372979101
test_rmse: 0.8006005278582082
test_loss: 0.6351564812160276
train_mae: 0.31848113787718235
train_rmse: 0.4088897610652435
train_loss: 0.21689437180757523
val_mae: 0.6122010934640254
val_rmse: 0.8048882929050853
val_loss: 0.6442097531413735