test_prcauc: 0.3811383356755443
test_rocauc: 0.8053081293031584
test_loss: 0.13517882069572806
train_prcauc: 0.707468792612609
train_rocauc: 0.9729167928348497
train_loss: 0.0627071364091897
val_prcauc: 0.4356712857489964
val_rocauc: 0.8432057884101427
val_loss: 0.12053807334974408
