test_prcauc: 0.6179482274198325
test_rocauc: 0.762589605734767
test_loss: 1.115560309453444
train_prcauc: 0.9928688140312967
train_rocauc: 0.9768240343347638
train_loss: 0.5942124032881111
val_prcauc: 0.9997198231774087
val_rocauc: 0.9975366568914956
val_loss: 0.08511450548063625
