test_prcauc: 0.14973145209631153
test_rocauc: 0.7963746487561683
test_loss: 0.018386351151804183
train_prcauc: 0.7037281443745329
train_rocauc: 0.9955940998953323
train_loss: 0.004106381567565255
val_prcauc: 0.1711850861371518
val_rocauc: 0.7695642182289764
val_loss: 0.013564308774700594
