test_prcauc: 0.6154777331166521
test_rocauc: 0.7784563653425086
test_loss: 0.5389210850000381
train_prcauc: 0.9980593651440208
train_rocauc: 0.9996953701494662
train_loss: 0.014001632470171898
val_prcauc: 0.5938122262146017
val_rocauc: 0.8986572113332676
val_loss: 0.6589580744504928
