test_prcauc: 0.6714797615118184
test_rocauc: 0.7844029124526466
test_loss: 0.35823089331388475
train_prcauc: 0.9588419723295935
train_rocauc: 0.9861789476052353
train_loss: 0.09796324050985276
val_prcauc: 0.9267404905259813
val_rocauc: 0.9849281000689452
val_loss: 0.09912309125065803
