test_prcauc: 0.8511271419777747
test_rocauc: 0.8740475820245684
test_loss: 0.6506724059581757
train_prcauc: 0.9998778076224174
train_rocauc: 0.9998957614446745
train_loss: 0.05080009251832962
val_prcauc: 0.8626778263532406
val_rocauc: 0.8998579545454546
val_loss: 0.5010709669440985
