mae: 0.5333186347612313
rmse: 0.6998953548314445 