prcauc: 0.36007624111561914
rocauc: 0.7412621110718716 