test_prcauc: 0.6420579564837374
test_rocauc: 0.6043639129615151
test_OGBNanLabelloss: 0.5130424754960197
train_prcauc: 0.7460356583523584
train_rocauc: 0.7875185988126434
train_OGBNanLabelloss: 0.4281721469014883
val_prcauc: 0.6616624898365315
val_rocauc: 0.6224600294870747
val_OGBNanLabelloss: 0.4899616411754063
