prcauc: 0.624488858656021
rocauc: 0.5963230933151163
