test_prcauc: 0.10987265793990716
test_rocauc: 0.6885375914859645
test_loss: 0.014184010272310555
train_prcauc: 0.4035419394148684
train_rocauc: 0.967251465422534
train_loss: 0.009056637538574455
val_prcauc: 0.08194836773093801
val_rocauc: 0.8013621465436541
val_loss: 0.014414956330392052