test_prcauc: 0.6496797530559816
test_rocauc: 0.7856906172793253
test_OGBNanLabelloss: 0.29162457678467035
train_prcauc: 0.9889296792073685
train_rocauc: 0.9980535173536398
train_OGBNanLabelloss: 0.03890636516734958
val_prcauc: 0.774426063043876
val_rocauc: 0.9456749559682025
val_OGBNanLabelloss: 0.12933818786405027
