test_mae: 0.4763634204864502
test_rmse: 1.4342107772827148
test_loss: 0.47636343645198004
train_mae: 0.11483772099018097
train_rmse: 0.17478886246681213
train_loss: 0.1148377267555112
val_mae: 0.4041462540626526
val_rmse: 0.544076681137085
val_loss: 0.40414626470633913
