test_mae: 0.9486408374910862
test_rmse: 1.2156727489773762
test_loss: 1.4778602326062107
train_mae: 0.23511675193366677
train_rmse: 0.3160023638334483
train_loss: 0.20045076683163643
val_mae: 0.8196731377987735
val_rmse: 1.0135201650649073
val_loss: 1.0272231249931967