test_mae: 0.9429101347923279
test_rmse: 2.7966787815093994
test_loss: 0.9187597334384918
train_mae: 0.3285195231437683
train_rmse: 0.426696240901947
train_loss: 0.35625355137932685
val_mae: 0.6824509501457214
val_rmse: 0.929924726486206
val_loss: 0.6805826872587204
