test_prcauc: 0.2536002314930116
test_rocauc: 0.7448267865008665
test_loss: 0.348224854905088
train_prcauc: 0.45255223587393534
train_rocauc: 0.8734666682408014
train_loss: 0.14985581496908407
val_prcauc: 0.2778506765334636
val_rocauc: 0.7749114393845867
val_loss: 0.32269697805058284
