test_prcauc: 0.8556728262708467
test_rocauc: 0.8813559322033898
test_loss: 0.5800190381705761
train_prcauc: 0.9990786960352244
train_rocauc: 0.9992164136185875
train_loss: 0.05899992947363191
val_prcauc: 0.8293491463148517
val_rocauc: 0.8971748737373738
val_loss: 0.5587785858660936
