prcauc: 0.6312661780797972
rocauc: 0.5928343763665855 