test_prcauc: 0.6276659616957436
test_rocauc: 0.5848123624841662
test_loss: 0.5444174110889435
train_prcauc: 0.7022250958379517
train_rocauc: 0.7317606087347391
train_loss: 0.4853389898896149
val_prcauc: 0.629262771550862
val_rocauc: 0.5734985854873619
val_loss: 0.5085808485746384