test_prcauc: 0.4029790126380901
test_rocauc: 0.8295885432080499
test_loss: 0.11417318940162659
train_prcauc: 0.45265267266546866
train_rocauc: 0.8690457064198144
train_loss: 0.11052667796885707
val_prcauc: 0.41881968802850317
val_rocauc: 0.8208906447022895
val_loss: 0.12001990854740142