test_prcauc: 0.39510809806811203
test_rocauc: 0.8104166023444174
test_loss: 0.14522981783290478
train_prcauc: 0.8188735704938113
train_rocauc: 0.9857993158250754
train_loss: 0.04713435446105689
val_prcauc: 0.44943029772785237
val_rocauc: 0.8520557112747975
val_loss: 0.12573510972274976
