test_prcauc: 0.45740688039429284
test_rocauc: 0.8542132006132622
test_OGBNanLabelloss: 0.2685684714466333
train_prcauc: 0.5823912745422294
train_rocauc: 0.9136297151384394
train_OGBNanLabelloss: 1.3322997030094672
val_prcauc: 0.4679207492380446
val_rocauc: 0.841651338904728
val_OGBNanLabelloss: 0.1924665417522192
