test_mae: 1.9184484481811523
test_rmse: 2.676912546157837
test_loss: 1.7565288146336873
train_mae: 0.7838103771209717
train_rmse: 1.131927490234375
train_loss: 0.7960984640651279
val_mae: 2.445828437805176
val_rmse: 3.8856186866760254
val_loss: 2.2901538213094077
