test_prcauc: 0.4457071008942817
test_rocauc: 0.8281947643400519
test_loss: 0.1123376057455034
train_prcauc: 0.56952455340065
train_rocauc: 0.9211667844950826
train_loss: 0.096504502829566
val_prcauc: 0.37609036866461526
val_rocauc: 0.7955521367432521
val_loss: 0.1208535416446852