test_prcauc: 0.08129860992661536
test_rocauc: 0.7531434869337644
test_loss: 0.09115062881800326
train_prcauc: 0.41987850168374086
train_rocauc: 0.9754333128185069
train_loss: 0.021880562174626438
val_prcauc: 0.16043557847027887
val_rocauc: 0.7613694224818512
val_loss: 0.01632310617672073
