test_prcauc: 0.520568084760665
test_rocauc: 0.5690000173774024
test_loss: 0.4171735346317291
train_prcauc: 0.6622118048009262
train_rocauc: 0.8504734515543054
train_loss: 0.2904111596809479
val_prcauc: 0.5685440818673773
val_rocauc: 0.857275353754227
val_loss: 0.35611987113952637