test_prcauc: 0.822534089167431
test_rocauc: 0.894597333749123
test_loss: 0.44393977522850037
train_prcauc: 0.9648764017870495
train_rocauc: 0.9696127734473221
train_loss: 0.2943786778748446
val_prcauc: 0.8255554646614953
val_rocauc: 0.8433687524596615
val_loss: 0.5964577794075012