prcauc: 0.8342682481909416
rocauc: 0.8988851641069618 