test_prcauc: 0.09947574867469118
test_rocauc: 0.7730303215116476
test_loss: 0.01634937462600095
train_prcauc: 0.6416982636354209
train_rocauc: 0.9940022738746097
train_loss: 0.007038778426682225
val_prcauc: 0.08905454971445566
val_rocauc: 0.8580565022882515
val_loss: 0.011865841043242089