test_mae: 2.035003185272217
test_rmse: 2.522503137588501
test_loss: 1.8306160767873128
train_mae: 0.8843355178833008
train_rmse: 1.1837302446365356
train_loss: 0.9136677351262834
val_mae: 2.066890239715576
val_rmse: 2.8316118717193604
val_loss: 1.944320519765218
