test_prcauc: 0.837907459159696
test_rocauc: 0.836376282385672
test_loss: 0.6819264888763428
train_prcauc: 0.972352068372396
train_rocauc: 0.9822716894977169
train_loss: 0.2849108041429605
val_prcauc: 0.949075370018111
val_rocauc: 0.7417582417582418
val_loss: 0.7358704805374146