prcauc: 0.17924748993832815
rocauc: 0.7701983429575696 