test_mae: 0.7238916754722595
test_rmse: 0.9086268544197083
test_loss: 0.7135255485773087
train_mae: 0.3373163044452667
train_rmse: 0.46430695056915283
train_loss: 0.3311973079558342
val_mae: 0.6813129186630249
val_rmse: 0.9026376605033875
val_loss: 0.6850513517856598
