prcauc: 0.6486711045775521
rocauc: 0.6241546796595783
