test_prcauc: 0.14032048205151887
test_rocauc: 0.7673025760405209
test_loss: 0.14227016091346742
train_prcauc: 0.8056755307302385
train_rocauc: 0.9837314037491738
train_loss: 0.07180697720533145
val_prcauc: 0.2859856508300489
val_rocauc: 0.73639116049691
val_loss: 0.1561577525176108