test_prcauc: 0.11897549568821263
test_rocauc: 0.7661037175004587
test_loss: 0.015957139445438088
train_prcauc: 0.3795679129301215
train_rocauc: 0.9649637424930466
train_loss: 0.007371113174486165
val_prcauc: 0.20790985686235183
val_rocauc: 0.7950981924251496
val_loss: 0.014440386218306686
