test_prcauc: 0.6985831400891992
test_rocauc: 0.6412037037037036
test_loss: 2.8181192534310475
train_prcauc: 1.0
train_rocauc: 1.0
train_loss: 0.0014484428297939964
val_prcauc: 0.9378584653846325
val_rocauc: 0.9640545653689137
val_loss: 0.47577023931912016
