test_prcauc: 0.6292765192040605
test_rocauc: 0.6140147950992225
test_loss: 0.532723480463028
train_prcauc: 0.8140396543960373
train_rocauc: 0.8678537447249568
train_loss: 0.39190101209614014
val_prcauc: 0.6741287452669502
val_rocauc: 0.641688248227934
val_loss: 0.49615824818611143
