test_mae: 0.45497778058052063
test_rmse: 0.625229001045227
test_loss: 0.4412934184074402
train_mae: 0.21807260811328888
train_rmse: 0.33997827768325806
train_loss: 0.21710925970388495
val_mae: 0.43967416882514954
val_rmse: 0.6367211937904358
val_loss: 0.44488290697336197
