mae: 0.8299086790865503
rmse: 1.0893449601818515 