test_prcauc: 0.3835237877712745
test_rocauc: 0.7112139187082361
test_loss: 0.23475961927699962
train_prcauc: 0.667879666872663
train_rocauc: 0.9287563495401666
train_loss: 0.15316158461996063
val_prcauc: 0.37779201620820607
val_rocauc: 0.7108273769692982
val_loss: 0.22715013398325395