test_mae: 0.3876309394836426
test_rmse: 0.539204478263855
test_loss: 0.3795698434114456
train_mae: 0.2516779899597168
train_rmse: 0.37214764952659607
train_loss: 0.24861718714237213
val_mae: 0.4137789011001587
val_rmse: 0.5255393981933594
val_loss: 0.4163810759782791
