mae: 2.3535230164974927
rmse: 3.0668501364231724 