test_prcauc: 0.667687121558849
test_rocauc: 0.6564075812902104
test_loss: 1.034332036972046
train_prcauc: 0.6607046799914132
train_rocauc: 0.7603710045662101
train_loss: 0.6050449193078056
val_prcauc: 0.928340476438325
val_rocauc: 0.676923076923077
val_loss: 1.5148704051971436