test_mae: 1.8408100450783969
test_rmse: 2.605351653146287
test_loss: 6.78785723655209
train_mae: 0.5437769616423571
train_rmse: 0.7704912185351481
train_loss: 0.6949599087238312
val_mae: 1.1279259451282653
val_rmse: 1.52015940650823
val_loss: 2.310884621195454