test_prcauc: 0.6305110459935227
test_rocauc: 0.6247356233998211
test_loss: 0.5817802548408508
train_prcauc: 0.7990691246913884
train_rocauc: 0.8440357382966094
train_loss: 0.40517088172253696
val_prcauc: 0.7065361712925904
val_rocauc: 0.6657059151622532
val_loss: 0.4967992901802063