prcauc: 0.6352284842868827
rocauc: 0.630434062019848 