mae: 0.5613738298416138
rmse: 0.7477051615715027
