test_mae: 0.8629789862463961
test_rmse: 1.1229228704304666
test_loss: 1.2609557729357983
train_mae: 0.4152178490391119
train_rmse: 0.5693351590025802
train_loss: 0.44586996734142303
val_mae: 0.9188553780792034
val_rmse: 1.0809950564772273
val_loss: 1.1685503121282037