test_prcauc: 0.13431072713343398
test_rocauc: 0.7154695919195041
test_loss: 0.17741240353485488
train_prcauc: 0.5849228493867404
train_rocauc: 0.9274225983211901
train_loss: 0.0902084889401467
val_prcauc: 0.23910153520251867
val_rocauc: 0.8136176023907504
val_loss: 0.08288439873781434
