mae: 1.1313315926840348
rmse: 1.4375124206334273 