test_mae: 1.1436008967695248
test_rmse: 1.4624965829245642
test_loss: 2.138896255066027
train_mae: 0.30544606452217027
train_rmse: 0.4451749506103144
train_loss: 0.24098203082879385
val_mae: 1.0681651314951315
val_rmse: 1.3192422655812945
val_loss: 1.7404001552960668