test_prcauc: 0.03879590917443408
test_rocauc: 0.6685576553295048
test_loss: 0.015212596278492222
train_prcauc: 0.012106068936469629
train_rocauc: 0.7457875829276491
train_loss: 0.013608354789468228
val_prcauc: 0.04969301169967168
val_rocauc: 0.7581364529254103
val_loss: 0.014105990402701867