test_mae: 0.524830162525177
test_rmse: 0.7040972113609314
test_loss: 0.5248301156929561
train_mae: 0.2027936428785324
train_rmse: 1.2237048149108887
train_loss: 0.20279365157087645
val_mae: 0.5213784575462341
val_rmse: 0.7008487582206726
val_loss: 0.521378463932446
