test_mae: 0.6344668865203857
test_rmse: 3.1979966163635254
test_loss: 0.6344668716192245
train_mae: 0.19091911613941193
train_rmse: 0.27883657813072205
train_loss: 0.19091911578462237
val_mae: 0.5110499262809753
val_rmse: 0.6905257701873779
val_loss: 0.5110499401177678
