test_prcauc: 0.5984818993369084
test_rocauc: 0.5267812345043221
test_loss: 0.821588146686554
train_prcauc: 0.7346703539026385
train_rocauc: 0.7768466556282824
train_loss: 0.4454532191157341
val_prcauc: 0.6275160490280386
val_rocauc: 0.5524962876683839
val_loss: 1.0138509750366211
