test_prcauc: 0.7271441601664823
test_rocauc: 0.8580025242016827
test_loss: 0.19498179331421853
train_prcauc: 0.8803721687993529
train_rocauc: 0.9792536449835161
train_loss: 0.31750557670990626
val_prcauc: 0.7099335058825709
val_rocauc: 0.915997812552583
val_loss: 0.4481563962996006
