prcauc: 0.6683425002343817
rocauc: 0.8489946307576866
