test_mae: 0.9706606922374051
test_rmse: 1.2121816068271687
test_loss: 1.4693842479300963
train_mae: 0.5004131672010204
train_rmse: 0.638527913534209
train_loss: 0.5439928621053696
val_mae: 0.9225118090697295
val_rmse: 1.1599921116437486
val_loss: 1.345581699075723