test_mae: 0.6016245484352112
test_rmse: 0.7987579107284546
test_loss: 0.6016245399202619
train_mae: 0.1415175199508667
train_rmse: 0.18143664300441742
train_loss: 0.14151752567184822
val_mae: 0.5651630163192749
val_rmse: 0.7478704452514648
val_loss: 0.5651630269629615
