mae: 0.5408142350372814
rmse: 0.7099637843254594 