test_mae: 0.7019430994987488
test_rmse: 0.8926860690116882
test_loss: 0.701943154845919
train_mae: 0.13745711743831635
train_rmse: 0.175751730799675
train_loss: 0.13745712661849602
val_mae: 0.7010094523429871
val_rmse: 0.9076388478279114
val_loss: 0.7010094566004617
