test_prcauc: 0.6425437051621906
test_rocauc: 0.7769605527075134
test_loss: 0.3190575847402215
train_prcauc: 0.9682328790869725
train_rocauc: 0.9969995385818792
train_loss: 0.06261301635365402
val_prcauc: 0.8037684383301213
val_rocauc: 0.9348854640620043
val_loss: 0.14753020752687007
