test_mae: 0.4699469208717346
test_rmse: 0.5897202491760254
test_loss: 0.46384068578481674
train_mae: 0.4120013117790222
train_rmse: 0.5952240228652954
train_loss: 0.4032279560642858
val_mae: 0.41513440012931824
val_rmse: 0.5337072014808655
val_loss: 0.41807156801223755
