test_mae: 1.0226212706080582
test_rmse: 1.261842855335449
test_loss: 1.592247391561119
train_mae: 0.3273001116659744
train_rmse: 0.41598598837611833
train_loss: 0.37022565305233
val_mae: 0.932252881425672
val_rmse: 1.1878923644891277
val_loss: 1.4110882696115707