test_mae: 2.6364364624023438
test_rmse: 3.9467718601226807
test_loss: 2.705280125141144
train_mae: 0.2306300401687622
train_rmse: 0.36114802956581116
train_loss: 0.23104689442194426
val_mae: 0.7908904552459717
val_rmse: 0.9869339466094971
val_loss: 0.6825544138749441
