prcauc: 0.3133361212064378
rocauc: 0.6304569182838572
