test_prcauc: 0.32006570214322344
test_rocauc: 0.6332007197378681
test_loss: 0.35554362936266537
train_prcauc: 0.487656577377715
train_rocauc: 0.8413736375243374
train_loss: 0.15448804658859275
val_prcauc: 0.3739439156257218
val_rocauc: 0.6797059698478278
val_loss: 0.2911142622088564
