test_mae: 1.3773990439772605
test_rmse: 1.9586594264904886
test_loss: 3.8363467489800507
train_mae: 0.4817998264359948
train_rmse: 0.6773084121979032
train_loss: 0.6496149301528931
val_mae: 0.8857478526548336
val_rmse: 1.1921670766867287
val_loss: 1.4212623387357806