mae: 1.3882321613430977
rmse: 1.9647775371626917 