prcauc: 0.14878917347372797
rocauc: 0.7484320772897428 