test_prcauc: 0.23272998731400912
test_rocauc: 0.7502718016934844
test_loss: 0.11375919878482818
train_prcauc: 0.6327637157448334
train_rocauc: 0.9435674594210508
train_loss: 0.09322975506851594
val_prcauc: 0.30541210519159373
val_rocauc: 0.7455816356964994
val_loss: 0.131207255423069