mae: 0.5683150053646712
rmse: 0.7748862538212026 