test_mae: 0.5685477700631703
test_rmse: 0.7787156886057565
test_loss: 0.6063981236807374
train_mae: 0.32358694591697246
train_rmse: 0.44351681505401086
train_loss: 0.3214719891548157
val_mae: 0.5153891113864051
val_rmse: 0.7279199836749449
val_loss: 0.5298675026333322