test_mae: 0.7861631192743166
test_rmse: 1.0320252151237062
test_loss: 1.0650760446511318
train_mae: 0.46898928503928833
train_rmse: 0.621648746813026
train_loss: 0.5960389077663422
val_mae: 0.751218496692808
val_rmse: 1.1250967375052592
val_loss: 1.2658426687449778