prcauc: 0.6533994098796378
rocauc: 0.7966027178257395 