test_prcauc: 0.2737985045437287
test_rocauc: 0.7540815313952517
test_loss: 0.5144959106197897
train_prcauc: 0.5624522369235229
train_rocauc: 0.911908280206663
train_loss: 0.14197659967051948
val_prcauc: 0.3140355378904837
val_rocauc: 0.778642969882958
val_loss: 0.38167763164020935
