test_prcauc: 0.5151561323762958
test_rocauc: 0.5243635526361519
test_loss: 0.5296288132667542
train_prcauc: 0.6451458781474385
train_rocauc: 0.797682288723699
train_loss: 0.31282038514175925
val_prcauc: 0.5767219716963669
val_rocauc: 0.8669391641222626
val_loss: 0.39561697840690613