test_mae: 0.457079142332077
test_rmse: 0.7452176213264465
test_loss: 0.4288450926542282
train_mae: 0.1498781144618988
train_rmse: 0.24335666000843048
train_loss: 0.14984338929255803
val_mae: 0.5284284949302673
val_rmse: 0.8071863651275635
val_loss: 0.5465568080544472
