test_mae: 0.6943617463111877
test_rmse: 0.8920593857765198
test_loss: 0.6938825100660324
train_mae: 0.32688528299331665
train_rmse: 0.45812177658081055
train_loss: 0.3259775734716846
val_mae: 0.6556215286254883
val_rmse: 0.8952613472938538
val_loss: 0.6552191451191902
