prcauc: 0.45721120860829845
rocauc: 0.8197006344691556 