test_prcauc: 0.450254797934513
test_rocauc: 0.8203379322200504
test_loss: 0.20755919435594355
train_prcauc: 0.78049501550368
train_rocauc: 0.9608136658394288
train_loss: 0.13075941881511907
val_prcauc: 0.445713373633391
val_rocauc: 0.840486876919284
val_loss: 0.2036238509895158