prcauc: 0.3708012364513669
rocauc: 0.7434716293491297 