test_prcauc: 0.3642832961184139
test_rocauc: 0.6718100547041667
test_loss: 0.3030893386437975
train_prcauc: 0.549104838490988
train_rocauc: 0.8706602366535622
train_loss: 0.14844571193883513
val_prcauc: 0.41107659292810556
val_rocauc: 0.7013623065203907
val_loss: 0.26338551733000526
