test_prcauc: 0.12734394121756135
test_rocauc: 0.7606734345389745
test_loss: 0.01364910666111988
train_prcauc: 0.4857356258611382
train_rocauc: 0.9782308594726267
train_loss: 0.00830935540508122
val_prcauc: 0.07694059854732108
val_rocauc: 0.8283609065928654
val_loss: 0.014685517892504987