test_prcauc: 0.6973761740108916
test_rocauc: 0.7306555381672754
test_loss: 0.8911463295420011
train_prcauc: 0.6457886113372288
train_rocauc: 0.7612614155251142
train_loss: 0.5746299980617151
val_prcauc: 0.9493760917896914
val_rocauc: 0.7296703296703296
val_loss: 0.8193362752596537
