test_prcauc: 0.4427739842918977
test_rocauc: 0.8555607017302878
test_OGBNanLabelloss: 0.1989859644815607
train_prcauc: 0.5251950195437132
train_rocauc: 0.8964839416762259
train_OGBNanLabelloss: 0.17460151420087572
val_prcauc: 0.4201357758626129
val_rocauc: 0.842741174800429
val_OGBNanLabelloss: 0.18207154985306398