test_prcauc: 0.6275102921747053
test_rocauc: 0.6230595431321534
test_loss: 0.5675476789474487
train_prcauc: 0.7761962935394278
train_rocauc: 0.8140734079218338
train_loss: 0.4223470092482114
val_prcauc: 0.6809806744017171
val_rocauc: 0.662439077707702
val_loss: 0.49054835736751556