test_mae: 2.358711435198784
test_rmse: 3.0413370034985556
test_loss: 9.249730768849574
train_mae: 0.5176623098444332
train_rmse: 0.6953942612887485
train_loss: 0.9840947985649109
val_mae: 2.454602111726999
val_rmse: 3.73899286496893
val_loss: 13.98006764428857