test_prcauc: 0.09627173682853461
test_rocauc: 0.7465024001095726
test_loss: 0.018525749515758607
train_prcauc: 0.7975075155629183
train_rocauc: 0.9965131129641918
train_loss: 0.003260522101508092
val_prcauc: 0.10085186063694927
val_rocauc: 0.7375664857651367
val_loss: 0.019137905535688438
