test_prcauc: 0.27624556980341614
test_rocauc: 0.7158716983709389
test_loss: 0.30807102885511184
train_prcauc: 0.44714885632838125
train_rocauc: 0.8634003277542401
train_loss: 0.17086047615018188
val_prcauc: 0.3102287372952453
val_rocauc: 0.7554111459484992
val_loss: 0.2853787527592094
