test_mae: 1.1091970648723366
test_rmse: 1.5844447318214236
test_loss: 2.510465108196664
train_mae: 0.2642404279680647
train_rmse: 0.3713922486366119
train_loss: 0.2547647953033447
val_mae: 0.9977496639437147
val_rmse: 1.2712202551141616
val_loss: 1.6160009370125141