test_mae: 1.4070313227921725
test_rmse: 1.9256166102808239
test_loss: 3.7079993297894105
train_mae: 0.4409982519787818
train_rmse: 0.5726876645786406
train_loss: 0.8268246650695801
val_mae: 1.7230950882285834
val_rmse: 2.4830168893307616
val_loss: 6.165372872701812