mae: 0.8150968551635742
rmse: 1.1138811111450195
