test_prcauc: 0.7285915220136003
test_rocauc: 0.6905864197530864
test_loss: 1.1312780380249023
train_prcauc: 0.9978700344862751
train_rocauc: 0.9891264096953374
train_loss: 0.13642901142715397
val_prcauc: 0.9018458162540247
val_rocauc: 0.9335541503563183
val_loss: 0.473583459854126