prcauc: 0.7327686884788883
rocauc: 0.7038966049382716 