test_prcauc: 0.3163959032370302
test_rocauc: 0.7398676613911196
test_loss: 0.32858622958883643
train_prcauc: 0.7499011170589736
train_rocauc: 0.9529861782555923
train_loss: 0.10262167850723032
val_prcauc: 0.3289733955952888
val_rocauc: 0.7757866826631693
val_loss: 0.3026292407885194
