test_mae: 0.7828318476676941
test_rmse: 1.0090395212173462
test_loss: 0.7728365063667297
train_mae: 0.21469281613826752
train_rmse: 0.32903578877449036
train_loss: 0.2151474777771079
val_mae: 0.7134549021720886
val_rmse: 0.9001351594924927
val_loss: 0.7051894962787628
