test_mae: 1.831357850372791
test_rmse: 2.374430350291329
test_loss: 5.637919488384604
train_mae: 0.48651736654157873
train_rmse: 0.6797126104135227
train_loss: 1.0525383949279785
val_mae: 0.9890030869920002
val_rmse: 1.3450856596759801
val_loss: 1.8092554318659666