test_prcauc: 0.6579871884720645
test_rocauc: 0.7683243727598567
test_loss: 1.0328719317913055
train_prcauc: 0.9769257752664675
train_rocauc: 0.9202920044822358
train_loss: 0.2974289022268452
val_prcauc: 0.9926227024356806
val_rocauc: 0.9444999444999445
val_loss: 0.3315076529979706