test_prcauc: 0.7774368232485541
test_rocauc: 0.8497789566755084
test_loss: 0.5588928312063217
train_prcauc: 0.9527030682310286
train_rocauc: 0.9618303593301389
train_loss: 0.2941731136606305
val_prcauc: 0.831592920938776
val_rocauc: 0.8473996050032918
val_loss: 0.6638877093791962