test_mae: 1.3611915111541748
test_rmse: 4.595521926879883
test_loss: 1.3286277204751968
train_mae: 0.2161022424697876
train_rmse: 0.2778186500072479
train_loss: 0.21431007740959043
val_mae: 0.6113781929016113
val_rmse: 0.8372630476951599
val_loss: 0.6012450531125069
