test_prcauc: 0.08976602280446733
test_rocauc: 0.7119191343159429
test_loss: 0.02504305889004891
train_prcauc: 0.9994272350088361
train_rocauc: 0.9999986720822132
train_loss: 0.0005387956380830702
val_prcauc: 0.08476970709643702
val_rocauc: 0.7227922805204914
val_loss: 0.026161461304385757
