test_prcauc: 0.2539279012561904
test_rocauc: 0.7705459742366596
test_loss: 0.14671248750106525
train_prcauc: 0.7033627464143378
train_rocauc: 0.9623868880338142
train_loss: 0.0792521635472007
val_prcauc: 0.39764297315094876
val_rocauc: 0.8354521849892221
val_loss: 0.0716990622340877
