prcauc: 0.8485230690456074
rocauc: 0.8442010085202575 