test_prcauc: 0.09245474746180472
test_rocauc: 0.7524348436242488
test_loss: 0.015340494030401195
train_prcauc: 0.1774155771081198
train_rocauc: 0.9185635379673273
train_loss: 0.009537111111739915
val_prcauc: 0.07647572608827145
val_rocauc: 0.7573284405391112
val_loss: 0.01649206664826385
