test_prcauc: 0.6754606119841091
test_rocauc: 0.9169516338924233
test_loss: 0.2133159041404724
train_prcauc: 0.8711557331595764
train_rocauc: 0.973112768198319
train_loss: 0.18702241503623557
val_prcauc: 0.616554033577117
val_rocauc: 0.7343084438201606
val_loss: 0.3274363577365875