test_mae: 0.44375699758529663
test_rmse: 0.6226325035095215
test_loss: 0.4437569986496653
train_mae: 0.22042253613471985
train_rmse: 0.3147292733192444
train_loss: 0.2204225327642191
val_mae: 0.407669335603714
val_rmse: 0.5424302220344543
val_loss: 0.4076693430542946
