prcauc: 0.6190803350157565
rocauc: 0.6196744924721656 