test_prcauc: 0.6189338922248688
test_rocauc: 0.6201072338204563
test_loss: 0.558634489774704
train_prcauc: 0.7417875415840001
train_rocauc: 0.7768475268232559
train_loss: 0.4476744635201085
val_prcauc: 0.6783120978346169
val_rocauc: 0.6634859325541372
val_loss: 0.4843985587358475