test_mae: 0.777989387512207
test_rmse: 0.9968941807746887
test_loss: 0.7645934671163559
train_mae: 0.20870058238506317
train_rmse: 0.315838098526001
train_loss: 0.20786536906076514
val_mae: 0.7912681102752686
val_rmse: 1.0396729707717896
val_loss: 0.786049522459507
