test_mae: 1.8483625650405884
test_rmse: 2.4987895488739014
test_loss: 1.878028432528178
train_mae: 0.43639329075813293
train_rmse: 0.6028034687042236
train_loss: 0.44569095141357845
val_mae: 1.8657442331314087
val_rmse: 2.841118574142456
val_loss: 1.6557337045669556
