test_prcauc: 0.5422484880342379
test_rocauc: 0.6643172418586869
test_loss: 2.413433000445366
train_prcauc: 0.9934202336530588
train_rocauc: 0.9965539418500986
train_loss: 0.029834709397982807
val_prcauc: 0.7271528035008075
val_rocauc: 0.9370908434288716
val_loss: 0.2913708767853677
