test_mae: 0.5918436646461487
test_rmse: 0.7580585479736328
test_loss: 0.591843707220895
train_mae: 0.3152689039707184
train_rmse: 0.4397789537906647
train_loss: 0.315268916344004
val_mae: 0.5483775734901428
val_rmse: 0.694787323474884
val_loss: 0.5483775649751935
