test_prcauc: 0.2291005125220544
test_rocauc: 0.7560922381660518
test_loss: 0.2568948880035627
train_prcauc: 0.9933315130356283
train_rocauc: 0.9991398702816018
train_loss: 0.008801297869009338
val_prcauc: 0.27629926478532224
val_rocauc: 0.8294110082304527
val_loss: 0.3966258019381889
