test_prcauc: 0.7138486889755602
test_rocauc: 0.6709104938271605
test_loss: 1.0779626369476318
train_prcauc: 0.9868931742749757
train_rocauc: 0.9487516130842171
train_loss: 0.21397577442457516
val_prcauc: 0.901095804671576
val_rocauc: 0.9318478369968886
val_loss: 0.40827980637550354