prcauc: 0.7151205372346444
rocauc: 0.6712962962962963 