test_mae: 0.4257871210575104
test_rmse: 0.6210926175117493
test_loss: 0.4257871386195932
train_mae: 0.14092080295085907
train_rmse: 0.20447616279125214
train_loss: 0.140920812530177
val_mae: 0.3939306437969208
val_rmse: 0.539567232131958
val_loss: 0.39393063528197153
