test_prcauc: 0.6907368995775092
test_rocauc: 0.8592763354127928
test_loss: 0.24687626883387565
train_prcauc: 0.9787562488423736
train_rocauc: 0.9968647726050388
train_loss: 0.04582062461413443
val_prcauc: 0.6672780861923117
val_rocauc: 0.8899945313814572
val_loss: 0.3865229917690158
