prcauc: 0.9634812562109094
rocauc: 0.8985890652557319
