test_prcauc: 0.969277595437227
test_rocauc: 0.897854203409759
test_loss: 0.3377419763377735
train_prcauc: 0.9925807639232738
train_rocauc: 0.9777576236861486
train_loss: 0.18137235113165595
val_prcauc: 0.980201131601353
val_rocauc: 0.9441975308641974
val_loss: 0.3300026421036039
