test_prcauc: 0.9113448640623953
test_rocauc: 0.8272842181292887
test_loss: 0.8726726770401001
train_prcauc: 0.9585939333407159
train_rocauc: 0.9668717616580311
train_loss: 0.3029205608082354
val_prcauc: 0.4758805882607884
val_rocauc: 0.7750528541226216
val_loss: 0.6549531817436218