test_mae: 0.5697919570363703
test_rmse: 0.7227836982358998
test_loss: 0.516450694666821
train_mae: 0.3464724721513866
train_rmse: 0.4470576158963556
train_loss: 0.25067512691020966
val_mae: 0.5674465530209598
val_rmse: 0.7445779090493906
val_loss: 0.552256228182803