test_prcauc: 0.45637660739182484
test_rocauc: 0.7601549371664563
test_loss: 0.2037387009838532
train_prcauc: 0.5485162414711424
train_rocauc: 0.8655921387758794
train_loss: 0.15761878292633458
val_prcauc: 0.4273841526401845
val_rocauc: 0.7486058059347019
val_loss: 0.1906060427427292
