test_prcauc: 0.6124019159741646
test_rocauc: 0.8132177615571776
test_loss: 0.20051833242177963
train_prcauc: 0.7899425498449184
train_rocauc: 0.9442880821429969
train_loss: 0.19017405093167494
val_prcauc: 0.5897918215755427
val_rocauc: 0.7303864569511047
val_loss: 0.2243739813566208