prcauc: 0.4570720025518837
rocauc: 0.8319802939211102 