test_prcauc: 0.45918575006019485
test_rocauc: 0.8320479987821204
test_loss: 0.21244800727573057
train_prcauc: 0.7208258208471218
train_rocauc: 0.9451875166548853
train_loss: 0.14252679230816379
val_prcauc: 0.4572603058024862
val_rocauc: 0.8459017084917978
val_loss: 0.20134859657585474