test_mae: 2.282398685987573
test_rmse: 2.8273191727686506
test_loss: 7.993733704705207
train_mae: 1.0579546695871827
train_rmse: 1.3011404760025822
train_loss: 1.9360166192054749
val_mae: 2.4031010682042693
val_rmse: 3.22145084004797
val_loss: 10.377745514845772