test_mae: 2.5519256591796875
test_rmse: 3.541818618774414
test_loss: 2.830063501993815
train_mae: 0.8494645953178406
train_rmse: 1.1761332750320435
train_loss: 0.834189772605896
val_mae: 2.8887062072753906
val_rmse: 4.103198051452637
val_loss: 2.716235955556234
