test_prcauc: 0.8715092883775942
test_rocauc: 0.8981562774363476
test_loss: 0.45031586786111194
train_prcauc: 0.996055017997509
train_rocauc: 0.9963468303786991
train_loss: 0.14577911707867935
val_prcauc: 0.9262216012215694
val_rocauc: 0.9286216596343179
val_loss: 0.5538531392812729
