test_mae: 0.5012057423591614
test_rmse: 0.8112758994102478
test_loss: 0.48962271958589554
train_mae: 0.24925105273723602
train_rmse: 0.3842634856700897
train_loss: 0.24998927893845932
val_mae: 0.4727262556552887
val_rmse: 0.6786273717880249
val_loss: 0.4727315232157707
