test_prcauc: 0.6473591855143007
test_rocauc: 0.6247071060733334
test_loss: 0.5058043897151947
train_prcauc: 0.6967919823985009
train_rocauc: 0.7078452263723796
train_loss: 0.46272755993737114
val_prcauc: 0.6335842399496135
val_rocauc: 0.6391057305262876
val_loss: 0.5140535202291276
