test_mae: 0.844225968339802
test_rmse: 1.076058757655506
test_loss: 1.1579024499271113
train_mae: 0.38579817295759156
train_rmse: 0.5178015575390408
train_loss: 0.5288083851337433
val_mae: 0.8464539077872724
val_rmse: 1.0191743381789018
val_loss: 1.0387163316024024