test_prcauc: 0.7233605905251059
test_rocauc: 0.7522170057381325
test_loss: 0.7154859006404877
train_prcauc: 0.6246629527748027
train_rocauc: 0.7553481735159817
train_loss: 0.6210081519150152
val_prcauc: 0.962815375614034
val_rocauc: 0.7772893772893774
val_loss: 0.6552282174428304
