test_mae: 1.791577696800232
test_rmse: 2.236691951751709
test_loss: 1.7373003363609314
train_mae: 0.48812630772590637
train_rmse: 0.7738298773765564
train_loss: 0.48783204754193626
val_mae: 0.8523984551429749
val_rmse: 1.110499620437622
val_loss: 0.7823274234930674
