test_prcauc: 0.8436405109367742
test_rocauc: 0.8782392461390803
test_loss: 0.5568147161975503
train_prcauc: 0.9861931805489328
train_rocauc: 0.9975986932196095
train_loss: 0.07734940198039816
val_prcauc: 0.8457950716009686
val_rocauc: 0.9095148417182316
val_loss: 0.4497281283521178
