prcauc: 0.8330027883512634
rocauc: 0.8706919117005496
