test_prcauc: 0.2786791034160424
test_rocauc: 0.7273758935994598
test_loss: 0.28313979120166216
train_prcauc: 0.40552423914009195
train_rocauc: 0.8543167576051794
train_loss: 0.17740045559178128
val_prcauc: 0.3158498712756306
val_rocauc: 0.7711732954057186
val_loss: 0.2674599414070447
