prcauc: 0.7270859023697307
rocauc: 0.7050540123456789
