prcauc: 0.6481872254044289
rocauc: 0.6478910908351433
