test_prcauc: 0.6238139315441749
test_rocauc: 0.6060792229868617
test_OGBNanLabelloss: 1.5768899960177285
train_prcauc: 0.7345552846566127
train_rocauc: 0.7712775888235314
train_OGBNanLabelloss: 0.5296057872474194
val_prcauc: 0.6495081394116609
val_rocauc: 0.6075859840582797
val_OGBNanLabelloss: 0.5638986485345023
