mae: 1.7180334326042794
rmse: 2.35322465418189 