test_prcauc: 0.11179234053240181
test_rocauc: 0.6996581625755615
test_loss: 0.22106329148864726
train_prcauc: 0.5178237687592366
train_rocauc: 0.914754427185748
train_loss: 0.3646390466291182
val_prcauc: 0.2383820606973978
val_rocauc: 0.8313400205761318
val_loss: 0.33484149259258655
