test_prcauc: 0.879533858067396
test_rocauc: 0.8862664688945118
test_loss: 0.5314055826853622
train_prcauc: 0.9981101424793017
train_rocauc: 0.9982736022536093
train_loss: 0.07270337250684539
val_prcauc: 0.8183502486294496
val_rocauc: 0.9044928705945656
val_loss: 0.4419990718703378
