test_mae: 0.46955710649490356
test_rmse: 0.8131828904151917
test_loss: 0.45524095743894577
train_mae: 0.2452525645494461
train_rmse: 0.345316082239151
train_loss: 0.24544988131081616
val_mae: 0.457555890083313
val_rmse: 0.6580352783203125
val_loss: 0.45578694343566895
