mae: 0.8276692006709302
rmse: 1.113179296777238 