test_prcauc: 0.11978054447712394
test_rocauc: 0.7441022826834895
test_loss: 0.014792372687166228
train_prcauc: 0.26829185385379223
train_rocauc: 0.9537062952464557
train_loss: 0.009761046486481247
val_prcauc: 0.04126055706636011
val_rocauc: 0.7722020029131096
val_loss: 0.01595214833716903