test_mae: 0.4678254723548889
test_rmse: 0.6227430105209351
test_loss: 0.46782550073805307
train_mae: 0.12011189758777618
train_rmse: 0.18239514529705048
train_loss: 0.12011189918432917
val_mae: 0.4736941456794739
val_rmse: 0.6735581159591675
val_loss: 0.47369415703273954
