mae: 0.7224360108375549
rmse: 3.5817980766296387
