test_prcauc: 0.3134215426365947
test_rocauc: 0.617611933902619
test_loss: 0.37904097388715907
train_prcauc: 0.605031017741904
train_rocauc: 0.8993642341691135
train_loss: 0.15499782857112063
val_prcauc: 0.34825219355667797
val_rocauc: 0.6515265761305549
val_loss: 0.30473500383152774