test_prcauc: 0.7216654175632372
test_rocauc: 0.8860304124522134
test_OGBNanLabelloss: 0.19887010799720883
train_prcauc: 0.9480322045843714
train_rocauc: 0.9907807202024621
train_OGBNanLabelloss: 0.07126989510974714
val_prcauc: 0.9340761922433002
val_rocauc: 0.9827993274604528
val_OGBNanLabelloss: 0.10847284970805049
