prcauc: 0.6958963529011929
rocauc: 0.9024592574355608
