prcauc: 0.6357590733046734
rocauc: 0.6255645516251902 