test_prcauc: 0.6562186482406083
test_rocauc: 0.6351273148148148
test_loss: 3.128022185393742
train_prcauc: 1.0
train_rocauc: 1.0
train_loss: 0.0001299780715436844
val_prcauc: 0.9311410186494242
val_rocauc: 0.9611669819774967
val_loss: 0.4973594683979172
