test_mae: 0.8291362392232698
test_rmse: 1.0515504152178092
test_loss: 1.105758275744747
train_mae: 0.28940612959090223
train_rmse: 0.3910308569869299
train_loss: 0.315876841545105
val_mae: 0.7293635102439914
val_rmse: 0.9613165437658651
val_loss: 0.9241294973179486