test_mae: 0.7743610739707947
test_rmse: 1.1400269269943237
test_loss: 0.7611475065350533
train_mae: 0.2739897668361664
train_rmse: 0.39967355132102966
train_loss: 0.2756730836370717
val_mae: 0.7116881608963013
val_rmse: 0.926524817943573
val_loss: 0.7027700692415237
