prcauc: 0.862717003058073
rocauc: 0.754739336492891 