test_prcauc: 0.8636777004545538
test_rocauc: 0.7549969091283742
test_loss: 1.3792691230773926
train_prcauc: 0.9456094178791276
train_rocauc: 0.9516364485708446
train_loss: 0.3045440446024592
val_prcauc: 0.4901522169462992
val_rocauc: 0.8684926184926185
val_loss: 0.6765449047088623