test_mae: 0.7620833516120911
test_rmse: 1.0038434267044067
test_loss: 0.7472646459937096
train_mae: 0.21389098465442657
train_rmse: 0.32672837376594543
train_loss: 0.21204718882622925
val_mae: 0.714860737323761
val_rmse: 0.9020382761955261
val_loss: 0.7090668901801109
