mae: 1.71486496925354
rmse: 2.4009592533111572
