test_prcauc: 0.3267118844138582
test_rocauc: 0.6307435183714863
test_loss: 0.34731544555639565
train_prcauc: 0.51778177926734
train_rocauc: 0.8598907060720894
train_loss: 0.17122358365191742
val_prcauc: 0.3614557438511141
val_rocauc: 0.6575332189782785
val_loss: 0.28259801894251235