prcauc: 0.3312003717533232
rocauc: 0.6279794450922845 