test_prcauc: 0.6060693694993955
test_rocauc: 0.776517916101901
test_OGBNanLabelloss: 3.5075737595558167
train_prcauc: 0.9857858127803201
train_rocauc: 0.9962716654737838
train_OGBNanLabelloss: 0.04158514197915793
val_prcauc: 0.9242263917293141
val_rocauc: 0.9849281000689452
val_OGBNanLabelloss: 0.21287752985954284
