test_mae: 0.8392938375473022
test_rmse: 1.0492088794708252
test_loss: 0.8347161710262299
train_mae: 0.25916579365730286
train_rmse: 0.3620293438434601
train_loss: 0.25675633069007625
val_mae: 0.8989439606666565
val_rmse: 1.1903774738311768
val_loss: 0.8828121721744537
