test_mae: 0.7876250287289767
test_rmse: 1.2118419268260392
test_loss: 1.4685608556134475
train_mae: 0.4704955031209219
train_rmse: 0.6387636756991963
train_loss: 0.6157669425010681
val_mae: 0.667711042583458
val_rmse: 0.9677147812992106
val_loss: 0.9364718979449793