mae: 0.7950560945364856
rmse: 1.213038153945599 