test_prcauc: 0.35547801715248345
test_rocauc: 0.6463681752810512
test_loss: 0.33155234774638864
train_prcauc: 0.5743157411115719
train_rocauc: 0.878029046549319
train_loss: 0.13673418473989163
val_prcauc: 0.3865872853570281
val_rocauc: 0.6900579486785829
val_loss: 0.2906999377341106
