test_prcauc: 0.7360560943235384
test_rocauc: 0.6878858024691359
test_loss: 1.1803070306777954
train_prcauc: 0.9898035281569587
train_rocauc: 0.9584132862032206
train_loss: 0.2238836776622622
val_prcauc: 0.8662765919514509
val_rocauc: 0.9225132992070662
val_loss: 0.5219075083732605