test_mae: 0.9536474347114563
test_rmse: 1.206712245941162
test_loss: 0.9554764777421951
train_mae: 0.4850928783416748
train_rmse: 0.9608230590820312
train_loss: 0.4836272010880132
val_mae: 1.0173993110656738
val_rmse: 1.2991985082626343
val_loss: 1.0070410519838333
