test_mae: 1.410162408798933
test_rmse: 1.9322207154226831
test_loss: 3.733476893108545
train_mae: 0.44989564528787207
train_rmse: 0.5810686539234257
train_loss: 0.8332696557044983
val_mae: 1.743180031850934
val_rmse: 2.512244917025368
val_loss: 6.311374523119796