test_prcauc: 0.046965589347830884
test_rocauc: 0.6549233287952991
test_loss: 0.01588306253871236
train_prcauc: 0.0401859736251222
train_rocauc: 0.8414949471186693
train_loss: 0.012710978378219275
val_prcauc: 0.1109027168256082
val_rocauc: 0.7464474503977947
val_loss: 0.013934300991637115