test_prcauc: 0.2907286821421271
test_rocauc: 0.718972632147926
test_OGBNanLabelloss: 0.3817026013577426
train_prcauc: 0.6072040750809512
train_rocauc: 0.9196118787634525
train_OGBNanLabelloss: 0.14119887252173355
val_prcauc: 0.33132183032297285
val_rocauc: 0.775300715018144
val_OGBNanLabelloss: 0.3474612385034561
