test_prcauc: 0.7086998572489029
test_rocauc: 0.6707175925925926
test_loss: 1.2303597927093506
train_prcauc: 0.9827063664070259
train_rocauc: 0.9324033552151714
train_loss: 0.27581857194965764
val_prcauc: 0.8582142084425307
val_rocauc: 0.9219110709625615
val_loss: 0.43611690402030945