test_prcauc: 0.3015479574421805
test_rocauc: 0.7253645999106243
test_loss: 0.26693451623676673
train_prcauc: 0.43055517965787843
train_rocauc: 0.8621888938616152
train_loss: 0.18583070705646365
val_prcauc: 0.32154115756326856
val_rocauc: 0.7556381929745305
val_loss: 0.31514046285451586