test_prcauc: 0.6034546530422307
test_rocauc: 0.5517795178336735
test_OGBNanLabelloss: 0.5382064819335938
train_prcauc: 0.78758301016054
train_rocauc: 0.8288205855057508
train_OGBNanLabelloss: 0.39843909194072086
val_prcauc: 0.681712644950606
val_rocauc: 0.6516454341313532
val_OGBNanLabelloss: 0.4780037522315979
