test_mae: 0.3926330804824829
test_rmse: 0.535927414894104
test_loss: 0.3926330975123814
train_mae: 0.2305096536874771
train_rmse: 0.3407452702522278
train_loss: 0.2305096499621868
val_mae: 0.43740326166152954
val_rmse: 0.6356878280639648
val_loss: 0.4374032808201654
