test_mae: 0.40420445799827576
test_rmse: 0.5924935936927795
test_loss: 0.404204466513225
train_mae: 0.16962720453739166
train_rmse: 1.3044387102127075
train_loss: 0.16962722384808016
val_mae: 0.4035487473011017
val_rmse: 0.5598363876342773
val_loss: 0.4035487771034241
