test_prcauc: 0.33035429056419413
test_rocauc: 0.7533913312078164
test_loss: 0.5921731127632989
train_prcauc: 0.6485735220454347
train_rocauc: 0.926985630385551
train_loss: 0.13020359862007594
val_prcauc: 0.3461079679472552
val_rocauc: 0.7869141158593015
val_loss: 0.4142172990573777
