test_prcauc: 0.14022492520883428
test_rocauc: 0.7231194081824326
test_loss: 0.01941643877626001
train_prcauc: 0.6828089685522029
train_rocauc: 0.9955719599684152
train_loss: 0.006147869931305878
val_prcauc: 0.18596999687139226
val_rocauc: 0.8248376303718232
val_loss: 0.015446744574128556