test_prcauc: 0.800302582982442
test_rocauc: 0.8683473389355743
test_loss: 0.5416736602783203
train_prcauc: 0.9516462705636298
train_rocauc: 0.9599150207778867
train_loss: 0.3219470261812136
val_prcauc: 0.7946389968059179
val_rocauc: 0.8566509604929323
val_loss: 0.5777223110198975