test_prcauc: 0.8557263157019073
test_rocauc: 0.8837361486781258
test_loss: 0.580437646670775
train_prcauc: 1.0
train_rocauc: 1.0
train_loss: 0.037822895382921544
val_prcauc: 0.8729745725719342
val_rocauc: 0.9136848713119899
val_loss: 0.46134028109637176
