prcauc: 0.3520000128792462
rocauc: 0.8000903084380501
