test_prcauc: 0.41576920031316056
test_rocauc: 0.7983214465816584
test_loss: 0.13377930908209898
train_prcauc: 0.7087241228094896
train_rocauc: 0.9666784513248402
train_loss: 0.07195974526194718
val_prcauc: 0.44909464977398106
val_rocauc: 0.8549429633009582
val_loss: 0.11795031934807246
