test_prcauc: 0.964094209995443
test_rocauc: 0.9018636393464138
test_loss: 0.3378812372684479
train_prcauc: 0.9935569013252585
train_rocauc: 0.9795817326305131
train_loss: 0.21603053540751987
val_prcauc: 0.9617165462719584
val_rocauc: 0.9038984433417171
val_loss: 0.32661421597003937