test_prcauc: 0.40793215844467834
test_rocauc: 0.7261697888059232
test_loss: 0.21457345600480307
train_prcauc: 0.48967381718865116
train_rocauc: 0.8377904243924668
train_loss: 0.18937172142991873
val_prcauc: 0.3932441853206004
val_rocauc: 0.7201353416346158
val_loss: 0.20918432280646687