test_prcauc: 0.9625106203162397
test_rocauc: 0.8935920047031157
test_loss: 0.35369212712560383
train_prcauc: 0.9921061336777108
train_rocauc: 0.9751435194483498
train_loss: 0.1908036063340577
val_prcauc: 0.9818971862292247
val_rocauc: 0.9496296296296295
val_loss: 0.26694157080990927
