test_prcauc: 0.3256664984162289
test_rocauc: 0.6238024892833474
test_loss: 0.3612816811891696
train_prcauc: 0.6426167811554795
train_rocauc: 0.9192208155917544
train_loss: 0.14695952489433295
val_prcauc: 0.36739287349862454
val_rocauc: 0.6684796352532153
val_loss: 0.2948498423676565