test_prcauc: 0.32011199114448563
test_rocauc: 0.6305783387041614
test_loss: 0.3269516689510181
train_prcauc: 0.5387973756972761
train_rocauc: 0.8617813509231991
train_loss: 0.13938858303739582
val_prcauc: 0.374818239757403
val_rocauc: 0.6795579603189206
val_loss: 0.2688866129209255
