test_prcauc: 0.3337753146474162
test_rocauc: 0.6408574527070594
test_loss: 0.3403590216205038
train_prcauc: 0.5261360867345586
train_rocauc: 0.8592646729107446
train_loss: 0.14161368797338286
val_prcauc: 0.380514049014182
val_rocauc: 0.6868387040381668
val_loss: 0.2541753056234327
