prcauc: 0.6566178227872528
rocauc: 0.8757081186357502 