test_prcauc: 0.6445464578427483
test_rocauc: 0.8425819246542932
test_loss: 0.2086123377084732
train_prcauc: 0.779792537118083
train_rocauc: 0.922760831583091
train_loss: 0.13936959337761182
val_prcauc: 0.5753052590380885
val_rocauc: 0.7100160673962133
val_loss: 0.34456050395965576