test_prcauc: 0.18888697871056412
test_rocauc: 0.7351667664497189
test_loss: 0.12121063755715594
train_prcauc: 0.5499141657743608
train_rocauc: 0.8970066235037499
train_loss: 0.10860391721515097
val_prcauc: 0.33807793769083105
val_rocauc: 0.8290986919459142
val_loss: 0.0726043391315376