test_prcauc: 0.6871316107395596
test_rocauc: 0.6694637345679012
test_loss: 2.3005291734422957
train_prcauc: 1.0
train_rocauc: 1.0
train_loss: 0.0031899557840502396
val_prcauc: 0.9089278304044816
val_rocauc: 0.9489196455242458
val_loss: 0.5466323516198567
