test_prcauc: 0.6028074641690777
test_rocauc: 0.7077659611441282
test_OGBNanLabelloss: 0.9808131158351898
train_prcauc: 0.9350851453028456
train_rocauc: 0.982235567163492
train_OGBNanLabelloss: 0.10010292492806912
val_prcauc: 0.8851442502536966
val_rocauc: 0.9840917298663777
val_OGBNanLabelloss: 0.10091698989272117
