test_prcauc: 0.08586198969105407
test_rocauc: 0.7864586926403926
test_loss: 0.015318152042370789
train_prcauc: 0.5212055245088681
train_rocauc: 0.987651221996649
train_loss: 0.008035740418001364
val_prcauc: 0.06888431867472695
val_rocauc: 0.861501470659753
val_loss: 0.011432332320574886