test_prcauc: 0.6388437941381079
test_rocauc: 0.6557426516243517
test_loss: 0.5982433676719665
train_prcauc: 0.8642068247088349
train_rocauc: 0.9106420221319965
train_loss: 0.29693783902459675
val_prcauc: 0.6968967719395444
val_rocauc: 0.6591400932427449
val_loss: 0.5495593309402466
