test_prcauc: 0.29978800049321386
test_rocauc: 0.6048870920191517
test_loss: 0.2762483560830215
train_prcauc: 0.45116175636459527
train_rocauc: 0.8176661203241725
train_loss: 0.17995422156805083
val_prcauc: 0.34679309354127474
val_rocauc: 0.6595444235300792
val_loss: 0.26389890726447257