test_prcauc: 0.49058252812610187
test_rocauc: 0.8514843800127605
test_loss: 0.19271025490015745
train_prcauc: 0.6610628289673731
train_rocauc: 0.9266859772160062
train_loss: 0.13381542202309182
val_prcauc: 0.4959203021038307
val_rocauc: 0.8424349800603532
val_loss: 0.18863442204892636
