test_mae: 0.49737635254859924
test_rmse: 0.6624411344528198
test_loss: 0.48304711654782295
train_mae: 0.2397584617137909
train_rmse: 0.34366557002067566
train_loss: 0.23883603513240814
val_mae: 0.488857626914978
val_rmse: 0.6934822797775269
val_loss: 0.49154191091656685
