prcauc: 0.16074797339152042
rocauc: 0.7384287066185132
