test_prcauc: 0.7182553362892924
test_rocauc: 0.7497826464962614
test_loss: 2.556553433338801
train_prcauc: 0.9934556668593943
train_rocauc: 0.9959275114155252
train_loss: 0.0965034241629083
val_prcauc: 0.9466946831304849
val_rocauc: 0.8036630036630037
val_loss: 0.9192714740832647
