test_prcauc: 0.30194687158561395
test_rocauc: 0.6037365314989438
test_loss: 0.3725980429445993
train_prcauc: 0.5083097989198936
train_rocauc: 0.8428433365336391
train_loss: 0.1790439109174677
val_prcauc: 0.3370255789612617
val_rocauc: 0.6374958703700943
val_loss: 0.3050511488510751