test_prcauc: 0.07028296054074669
test_rocauc: 0.7713939960394527
test_loss: 0.011968432905425042
train_prcauc: 0.17264232534013074
train_rocauc: 0.9026522760811999
train_loss: 0.011665915543404848
val_prcauc: 0.07703182410314154
val_rocauc: 0.8073120287151787
val_loss: 0.013439518811628888