test_mae: 0.804047703742981
test_rmse: 1.0510282516479492
test_loss: 0.8194714188575745
train_mae: 0.2835272252559662
train_rmse: 0.4126583933830261
train_loss: 0.28202263569390335
val_mae: 0.668519914150238
val_rmse: 0.8715102076530457
val_loss: 0.6584533751010895
