test_mae: 0.3912487328052521
test_rmse: 0.5181530117988586
test_loss: 0.38556458055973053
train_mae: 0.37315237522125244
train_rmse: 1.153910756111145
train_loss: 0.38112721904631586
val_mae: 0.40914949774742126
val_rmse: 0.5326065421104431
val_loss: 0.411488376557827
