test_prcauc: 0.09162161244684576
test_rocauc: 0.7427886827414477
test_loss: 0.03397866919070678
train_prcauc: 0.400217514590563
train_rocauc: 0.9731821412944787
train_loss: 0.012180656514485156
val_prcauc: 0.07807055806814137
val_rocauc: 0.7700134675030457
val_loss: 0.04519569684730992
