mae: 36.908935546875
rmse: 738.024169921875
