test_prcauc: 0.6468209320322763
test_rocauc: 0.863074801611226
test_OGBNanLabelloss: 0.20983008667826653
train_prcauc: 0.8406783484141267
train_rocauc: 0.9543133844994487
train_OGBNanLabelloss: 0.16009385511279106
val_prcauc: 0.7247658436545379
val_rocauc: 0.9217756183745583
val_OGBNanLabelloss: 0.13935037031769754
