test_mae: 0.46366648846666486
test_rmse: 0.6241357120264762
test_loss: 0.41058272827143416
train_mae: 0.3207878131849603
train_rmse: 0.41285949582907994
train_loss: 0.2081551690186773
val_mae: 0.5170722592389101
val_rmse: 0.6883484247728788
val_loss: 0.4733247036491466