prcauc: 0.36613572499527924
rocauc: 0.7609744638870081
