test_prcauc: 0.5419356690631381
test_rocauc: 0.5513245924999132
test_loss: 0.6036104559898376
train_prcauc: 0.6911278354235065
train_rocauc: 0.8490341180200655
train_loss: 0.29428462474739103
val_prcauc: 0.5921975651695712
val_rocauc: 0.8435528086936538
val_loss: 0.4825000762939453