test_prcauc: 0.27298577636000965
test_rocauc: 0.7542304795380367
test_loss: 0.11858452430021936
train_prcauc: 0.5208061275254989
train_rocauc: 0.8926292247570549
train_loss: 0.09973093566935554
val_prcauc: 0.3662632308777022
val_rocauc: 0.8309909611992944
val_loss: 0.0745397008807007
