mae: 0.5837953531735001
rmse: 0.7429191749162335 