prcauc: 0.6306465341748886
rocauc: 0.7615307592451874 