test_prcauc: 0.6563882601627404
test_rocauc: 0.7787776247467072
test_loss: 0.2778647243976593
train_prcauc: 0.920089537530014
train_rocauc: 0.985241028733596
train_loss: 0.11947964564941324
val_prcauc: 0.5742986003669392
val_rocauc: 0.7006737746809949
val_loss: 0.2992440462112427