test_mae: 0.48278558254241943
test_rmse: 0.648798942565918
test_loss: 0.48278562795548213
train_mae: 0.2355421930551529
train_rmse: 0.5693896412849426
train_loss: 0.23554219731262752
val_mae: 0.506521463394165
val_rmse: 0.7044118642807007
val_loss: 0.5065214917773292
