test_prcauc: 0.7257333226940931
test_rocauc: 0.6808449074074074
test_loss: 1.0619550943374634
train_prcauc: 0.9866959324543845
train_rocauc: 0.946656006284015
train_loss: 0.19573372121738375
val_prcauc: 0.899482648145439
val_rocauc: 0.9331526648599819
val_loss: 0.39896756410598755