test_prcauc: 0.32265944513422623
test_rocauc: 0.6242086914795045
test_loss: 0.3533811967870225
train_prcauc: 0.6024693499796266
train_rocauc: 0.9008485410088017
train_loss: 0.1584538870734572
val_prcauc: 0.3645806475897425
val_rocauc: 0.6660737896641636
val_loss: 0.2815719085179197