test_prcauc: 0.36642356654497704
test_rocauc: 0.7438654217063897
test_loss: 0.23549003270874205
train_prcauc: 0.6262287250738792
train_rocauc: 0.9133544862425992
train_loss: 0.15250164149268663
val_prcauc: 0.37094721952170767
val_rocauc: 0.7948240421100006
val_loss: 0.2599512478567404