test_mae: 0.4374311191268318
test_rmse: 0.5942313578643026
test_loss: 0.3733603230120931
train_mae: 0.29041747138347657
train_rmse: 0.375946175989767
train_loss: 0.1991447220955576
val_mae: 0.5112037678621264
val_rmse: 0.679787825129023
val_loss: 0.46176246926033443