test_prcauc: 0.6108526687002052
test_rocauc: 0.5961612654320988
test_loss: 2.394631198474339
train_prcauc: 0.9999978719295268
train_rocauc: 0.9999888479360317
train_loss: 0.00902831086423248
val_prcauc: 0.9236028111650987
val_rocauc: 0.9607686946131634
val_loss: 0.40177010744810104
