test_prcauc: 0.5523005999884849
test_rocauc: 0.7246537552566643
test_loss: 0.7247701287269592
train_prcauc: 1.0
train_rocauc: 1.0
train_loss: 0.018707139501327408
val_prcauc: 0.5893374190889827
val_rocauc: 0.8902656029416594
val_loss: 0.3973315358161926