prcauc: 0.7240907788572374
rocauc: 0.6783371913580246 