prcauc: 0.6577168760345591
rocauc: 0.8297769634562517
