test_prcauc: 0.6736042338657795
test_rocauc: 0.8220885865958858
test_OGBNanLabelloss: 0.2844772309064865
train_prcauc: 0.9872241148944141
train_rocauc: 0.9979377277786535
train_OGBNanLabelloss: 0.033491910307202485
val_prcauc: 0.8606652704200441
val_rocauc: 0.9515777084214981
val_OGBNanLabelloss: 0.13883853182196618
