prcauc: 0.7187860842265392
rocauc: 0.6911651234567902
