test_prcauc: 0.7964656275130644
test_rocauc: 0.7939488784559207
test_loss: 0.6826969981193542
train_prcauc: 0.9890192450643489
train_rocauc: 0.9928196347031963
train_loss: 0.25757588629107586
val_prcauc: 0.9360491304438702
val_rocauc: 0.7029304029304029
val_loss: 0.9718829989433289