test_prcauc: 0.18383028920604988
test_rocauc: 0.735502810019506
test_loss: 0.3236349460481058
train_prcauc: 0.9831557949958788
train_rocauc: 0.999669496328295
train_loss: 0.011995786477966518
val_prcauc: 0.25227755160893195
val_rocauc: 0.8116487850284146
val_loss: 0.2093430792418181
