test_prcauc: 0.8170996512297644
test_rocauc: 0.8704481792717087
test_loss: 0.5211372375488281
train_prcauc: 0.9709290358508085
train_rocauc: 0.9746833878529702
train_loss: 0.26827873916939815
val_prcauc: 0.8381192003523972
val_rocauc: 0.893802102210946
val_loss: 0.48295265436172485