test_prcauc: 0.3827593520321127
test_rocauc: 0.7290631025960395
test_loss: 0.20766066811584152
train_prcauc: 0.5311627941413798
train_rocauc: 0.8667364878312892
train_loss: 0.18280947943198833
val_prcauc: 0.38246138374822647
val_rocauc: 0.7210786668938441
val_loss: 0.19660896125903327