prcauc: 0.38238811933848416
rocauc: 0.7295340423310123 