test_prcauc: 0.3245404084260261
test_rocauc: 0.627582712228871
test_loss: 0.32176376559486325
train_prcauc: 0.4435407717280513
train_rocauc: 0.8130223967960907
train_loss: 0.18931086044463274
val_prcauc: 0.3541827919896108
val_rocauc: 0.6381323291687313
val_loss: 0.2785438080960767