test_prcauc: 0.6264462262619196
test_rocauc: 0.598397721946665
test_loss: 0.9152345418930053
train_prcauc: 0.8735154511979735
train_rocauc: 0.9182171516973923
train_loss: 0.29716191109683776
val_prcauc: 0.6791814158308588
val_rocauc: 0.6348776310060026
val_loss: 0.6083398640155793
