mean_pred: -3.6511340141296387
std_pred: 2.276390314102173
mean_targets: -3.7976016998291016
std_targets: 2.129075765609741
mae: 0.7034640908241272
rmse: 0.8826196789741516
ogbg-molesol: 0.8826197385787964
L1Loss: 0.6993678212165833
