test_prcauc: 0.5193282551383793
test_rocauc: 0.5470141278281723
test_loss: 0.4484095275402069
train_prcauc: 0.9847771127512681
train_rocauc: 0.9962345317620763
train_loss: 0.08522456205123816
val_prcauc: 0.7008242562392009
val_rocauc: 0.9105313700384123
val_loss: 0.13281650841236115