prcauc: 0.3216867382604385
rocauc: 0.6265894042910196
