test_prcauc: 0.3272161996848095
test_rocauc: 0.6335897254775734
test_loss: 0.30843567128839167
train_prcauc: 0.5403639331495204
train_rocauc: 0.8628054497534634
train_loss: 0.13892400537639163
val_prcauc: 0.385540658076935
val_rocauc: 0.6870088792910797
val_loss: 0.25660176665104667
