test_prcauc: 0.10810183594101155
test_rocauc: 0.7717160572287075
test_loss: 0.02236197662219919
train_prcauc: 0.6461911926068638
train_rocauc: 0.9970161165100014
train_loss: 0.013589997797304527
val_prcauc: 0.14195879078106424
val_rocauc: 0.7819946853072324
val_loss: 0.016607139527186832
