test_prcauc: 0.6924371705304363
test_rocauc: 0.8080197132616487
test_loss: 0.8803664716807279
train_prcauc: 0.9959655970956298
train_rocauc: 0.9823215280280445
train_loss: 0.15310574365624538
val_prcauc: 0.9992807570566443
val_rocauc: 0.9937829912023461
val_loss: 0.07181999832391739
