test_mae: 1.4494661092758179
test_rmse: 2.076509475708008
test_loss: 1.2909168004989624
train_mae: 0.39248502254486084
train_rmse: 0.6303116083145142
train_loss: 0.3926492214202881
val_mae: 0.8113102316856384
val_rmse: 1.0251599550247192
val_loss: 0.7348641653855642
