test_prcauc: 0.3535208907997936
test_rocauc: 0.7318362003324729
test_loss: 0.2756084359358524
train_prcauc: 0.7283479369061588
train_rocauc: 0.9501256389192942
train_loss: 0.13555988473338115
val_prcauc: 0.3784677322172188
val_rocauc: 0.7923818476112631
val_loss: 0.2921580592776971