prcauc: 0.35486426500855206
rocauc: 0.739096413270945 