test_prcauc: 0.5720347664907108
test_rocauc: 0.7090436346574914
test_loss: 0.2541562616825104
train_prcauc: 0.8179749439253601
train_rocauc: 0.9541114173541441
train_loss: 0.1649147370863802
val_prcauc: 0.6132257519740203
val_rocauc: 0.901616106897797
val_loss: 0.15561556816101074