test_prcauc: 0.36586217020055134
test_rocauc: 0.6685639728556221
test_loss: 0.31854702223991527
train_prcauc: 0.574371449797848
train_rocauc: 0.8780917907180967
train_loss: 0.1431685439493979
val_prcauc: 0.43193447007061425
val_rocauc: 0.7166011436399109
val_loss: 0.25183759218659896
