test_prcauc: 0.2975395732711917
test_rocauc: 0.7361840800075589
test_loss: 0.30527995457752405
train_prcauc: 0.6472502913655424
train_rocauc: 0.9222203787114642
train_loss: 0.13874018261371202
val_prcauc: 0.3147109787730521
val_rocauc: 0.7585237009572573
val_loss: 0.327330215433114