test_prcauc: 0.095681674486068
test_rocauc: 0.6621177717724271
test_loss: 0.031559722820832734
train_prcauc: 0.9964448183710006
train_rocauc: 0.9999768250966997
train_loss: 0.0013598904689811474
val_prcauc: 0.11184819295755191
val_rocauc: 0.7918687586392009
val_loss: 0.025163986127433507