test_prcauc: 0.9784050141018513
test_rocauc: 0.935766614338043
test_loss: 0.33314022421836853
train_prcauc: 0.9975874727469457
train_rocauc: 0.9922351706036745
train_loss: 0.15768879367798222
val_prcauc: 0.9751291823525384
val_rocauc: 0.9239332096474955
val_loss: 0.3551369607448578