test_mae: 0.7939239669212929
test_rmse: 1.093027797836252
test_loss: 1.1947097668427664
train_mae: 0.543125591418048
train_rmse: 0.7075514578037421
train_loss: 0.7736911177635193
val_mae: 0.7344913533235352
val_rmse: 1.0870665996441942
val_loss: 1.1817137920619905