test_mae: 0.5156124234199524
test_rmse: 0.6951780319213867
test_loss: 0.5156124425785882
train_mae: 0.14801006019115448
train_rmse: 0.2214575707912445
train_loss: 0.14801006799652464
val_mae: 0.5216295123100281
val_rmse: 0.707104504108429
val_loss: 0.5216295431767192
