test_prcauc: 0.5303592578872598
test_rocauc: 0.5921362909672262
test_loss: 0.45452117919921875
train_prcauc: 0.7100032927140867
train_rocauc: 0.8679765750239623
train_loss: 0.32368264239820055
val_prcauc: 0.5561673453773971
val_rocauc: 0.8198397846285169
val_loss: 0.3402327299118042