prcauc: 0.5425267219724823
rocauc: 0.652345514892434 