test_prcauc: 0.32084664901102505
test_rocauc: 0.7397076499750961
test_loss: 0.32311902664325853
train_prcauc: 0.565981265429064
train_rocauc: 0.9030213484269533
train_loss: 0.14818953843920996
val_prcauc: 0.37696672361020545
val_rocauc: 0.7976469802480445
val_loss: 0.2696477474161872
