test_prcauc: 0.19704121342957856
test_rocauc: 0.7116649606983526
test_loss: 0.14402357905226595
train_prcauc: 0.6283038922402785
train_rocauc: 0.9440330926060266
train_loss: 0.09497322743803739
val_prcauc: 0.2559968231284922
val_rocauc: 0.8192392955124436
val_loss: 0.09382094004574944