prcauc: 0.3456087858608301
rocauc: 0.6417577445150354 