test_mae: 0.711568003060277
test_rmse: 1.1266200587180764
test_loss: 1.2692727567059219
train_mae: 0.4491828506211573
train_rmse: 0.5957560049065188
train_loss: 0.6950651705265045
val_mae: 0.7093148220275579
val_rmse: 1.126181813002819
val_loss: 1.2682854759383164