test_mae: 0.6794892612099647
test_rmse: 0.9366091564601037
test_loss: 0.8772367119649069
train_mae: 0.5131797177742605
train_rmse: 0.7034458482218335
train_loss: 0.9310224056243896
val_mae: 0.8359235391115387
val_rmse: 1.4252199515493431
val_loss: 2.031251910294312