test_mae: 0.49788862466812134
test_rmse: 0.90217125415802
test_loss: 0.48094289377331734
train_mae: 0.2781970500946045
train_rmse: 0.39510658383369446
train_loss: 0.2771379869917165
val_mae: 0.45631933212280273
val_rmse: 0.6310220956802368
val_loss: 0.4549201801419258
