test_prcauc: 0.37524389868696933
test_rocauc: 0.767963796361817
test_loss: 0.22920148581208075
train_prcauc: 0.590229288955554
train_rocauc: 0.9002000147274001
train_loss: 0.1606703303155398
val_prcauc: 0.37121625494062943
val_rocauc: 0.7845796470676474
val_loss: 0.25263278255774047