test_mae: 2.5161832027230413
test_rmse: 3.276692897088353
test_loss: 10.736716341829265
train_mae: 0.875889067628554
train_rmse: 1.1545112548862222
train_loss: 1.9492425322532654
val_mae: 3.3848692473024125
val_rmse: 4.974018613096301
val_loss: 24.740861163428445