prcauc: 0.3270377418312426
rocauc: 0.6304024366116784 