test_prcauc: 0.654264781094765
test_rocauc: 0.6171875
test_loss: 2.980193563870021
train_prcauc: 0.9997918406682801
train_rocauc: 0.9988973396751404
train_loss: 0.032380743707868864
val_prcauc: 0.9357138828009662
val_rocauc: 0.9628597032759136
val_loss: 0.5763876502002988
