test_prcauc: 0.0720299866892147
test_rocauc: 0.6861553042649977
test_loss: 0.016596368865212544
train_prcauc: 0.17562785602404268
train_rocauc: 0.9606939820252158
train_loss: 1.0834830913473257
val_prcauc: 0.08412013982385039
val_rocauc: 0.6770594822881932
val_loss: 0.016549319192621904
