test_prcauc: 0.2047474406073206
test_rocauc: 0.7554809850014635
test_loss: 0.8132539033517241
train_prcauc: 0.5665608548702514
train_rocauc: 0.9296408543625267
train_loss: 0.10812992368341579
val_prcauc: 0.22560747527712374
val_rocauc: 0.7588299439311079
val_loss: 0.3226336352247745
