prcauc: 0.16878856976014875
rocauc: 0.764911762010212
