test_prcauc: 0.11782581396280581
test_rocauc: 0.7440928284631624
test_loss: 0.017078955548312662
train_prcauc: 0.5172002163790509
train_rocauc: 0.9891996848064099
train_loss: 0.007396669658425024
val_prcauc: 0.04354881545441961
val_rocauc: 0.7707302762823586
val_loss: 0.019043943561542598