test_prcauc: 0.6318590146239775
test_rocauc: 0.7916866506794564
test_OGBNanLabelloss: 0.29793126583099366
train_prcauc: 0.8497712998961524
train_rocauc: 0.9542992310090952
train_OGBNanLabelloss: 0.14480777950957419
val_prcauc: 0.8525630019557164
val_rocauc: 0.9768245838668375
val_OGBNanLabelloss: 0.08681135973893106
