prcauc: 0.7589725335647246
rocauc: 0.7111304012345679 