test_prcauc: 0.08342012791479517
test_rocauc: 0.7744003114703419
test_loss: 0.01411694230228901
train_prcauc: 0.4765075814414454
train_rocauc: 0.9824583595074219
train_loss: 0.006450712730224389
val_prcauc: 0.0927434376291884
val_rocauc: 0.7771530650913624
val_loss: 0.014825724851247822
