test_prcauc: 0.34112958169741875
test_rocauc: 0.7349235442175909
test_loss: 0.554162992923348
train_prcauc: 0.5633986193682435
train_rocauc: 0.9013483097631991
train_loss: 0.14993338793088373
val_prcauc: 0.38605836591976384
val_rocauc: 0.8085765000455232
val_loss: 0.30813499388319476
