test_mae: 0.4947391748428345
test_rmse: 0.6792148351669312
test_loss: 0.4947391940014703
train_mae: 0.19994087517261505
train_rmse: 1.3948763608932495
train_loss: 0.19994088042793529
val_mae: 0.476207435131073
val_rmse: 0.6448298096656799
val_loss: 0.47620744151728495
