test_mae: 0.9092596394488243
test_rmse: 1.162133900490719
test_loss: 1.3505552026697725
train_mae: 0.3916795730271959
train_rmse: 0.525323233713962
train_loss: 0.3649553284049034
val_mae: 0.8561565231981532
val_rmse: 0.9975344812689103
val_loss: 0.9950750413204342