test_prcauc: 0.623363347862738
test_rocauc: 0.5927826059732518
test_loss: 16.044510614871978
train_prcauc: 0.9011546452829312
train_rocauc: 0.9418791517358241
train_loss: 0.24827158451080322
val_prcauc: 0.6470890895995604
val_rocauc: 0.6071375838257848
val_loss: 15.226007056236266
