prcauc: 0.3684900218910756
rocauc: 0.8030246894521803
