test_prcauc: 0.394015853600673
test_rocauc: 0.8223837568310228
test_loss: 0.17189736538312653
train_prcauc: 0.6499685046559854
train_rocauc: 0.9624953620209356
train_loss: 0.11497364175406354
val_prcauc: 0.3897087026976713
val_rocauc: 0.8407283314864306
val_loss: 0.19231323448941112
