test_prcauc: 0.8151640389941969
test_rocauc: 0.8123804555729438
test_loss: 0.6155014038085938
train_prcauc: 0.9645527361897611
train_rocauc: 0.978310502283105
train_loss: 0.31522393881645533
val_prcauc: 0.9534216106569086
val_rocauc: 0.7417582417582418
val_loss: 0.7093418836593628