prcauc: 0.813632461038743
rocauc: 0.816205877238741 