test_prcauc: 0.5355884528616648
test_rocauc: 0.6131103812602092
test_loss: 0.43867596983909607
train_prcauc: 1.0
train_rocauc: 1.0
train_loss: 0.027704065303937014
val_prcauc: 0.6399494622464439
val_rocauc: 0.8794666601004628
val_loss: 0.1327206939458847