test_prcauc: 0.09686268315078125
test_rocauc: 0.738879435997039
test_loss: 0.01359077521825382
train_prcauc: 0.46753572477799227
train_rocauc: 0.9761969577421704
train_loss: 0.008797339670213532
val_prcauc: 0.0673013730445116
val_rocauc: 0.8214608692963123
val_loss: 0.01420861459388932