test_prcauc: 0.3299806786135365
test_rocauc: 0.6550841374105798
test_OGBNanLabelloss: 0.3075237007335175
train_prcauc: 0.5188452038672442
train_rocauc: 0.8585254957681213
train_OGBNanLabelloss: 0.15701793803282044
val_prcauc: 0.3683411463141173
val_rocauc: 0.6791609279262044
val_OGBNanLabelloss: 0.26438904085824655
