test_prcauc: 0.10628016856602064
test_rocauc: 0.7619386274818748
test_loss: 0.01678578389188273
train_prcauc: 0.5453436947881992
train_rocauc: 0.9882786366984978
train_loss: 0.007813422937716315
val_prcauc: 0.1711305261797471
val_rocauc: 0.8318232351151125
val_loss: 0.013625185568885338