test_prcauc: 0.044294230376304346
test_rocauc: 0.6682540004437968
test_loss: 0.016397881336728322
train_prcauc: 0.10721977377841642
train_rocauc: 0.878785628089991
train_loss: 0.012303986160525375
val_prcauc: 0.09344619264899034
val_rocauc: 0.7761680970452655
val_loss: 0.013849710080399464