test_prcauc: 0.7289981617319305
test_rocauc: 0.7475221700573813
test_loss: 2.098765100042025
train_prcauc: 0.9997922965155868
train_rocauc: 0.9998544520547945
train_loss: 0.0205017720042478
val_prcauc: 0.9651341393707301
val_rocauc: 0.8065934065934066
val_loss: 1.1871534585952759
