test_mae: 0.760065495967865
test_rmse: 1.022861123085022
test_loss: 0.7765822410583496
train_mae: 0.22591532766819
train_rmse: 0.32641851902008057
train_loss: 0.22710149707617583
val_mae: 0.6623273491859436
val_rmse: 0.867852509021759
val_loss: 0.6525568664073944
