test_prcauc: 0.35493882243488156
test_rocauc: 0.6420067940609095
test_loss: 0.33213404540357916
train_prcauc: 0.5933114348746247
train_rocauc: 0.8865818499172695
train_loss: 0.13225730326368298
val_prcauc: 0.3952563812012558
val_rocauc: 0.695724344705481
val_loss: 0.2780075078380519
