test_mae: 1.6316673755645752
test_rmse: 2.313464403152466
test_loss: 1.476584553718567
train_mae: 0.3822692036628723
train_rmse: 0.564470648765564
train_loss: 0.3828139702479045
val_mae: 2.184584140777588
val_rmse: 3.9918999671936035
val_loss: 2.0396483739217124
