test_mae: 0.4839901030063629
test_rmse: 0.6403389573097229
test_loss: 0.48399010442552115
train_mae: 0.18519091606140137
train_rmse: 0.2598053216934204
train_loss: 0.18519092351198196
val_mae: 0.5110461115837097
val_rmse: 0.6921983361244202
val_loss: 0.5110460874580202
