test_prcauc: 0.16491322262155966
test_rocauc: 0.7421038943320287
test_loss: 0.14890622473728743
train_prcauc: 0.5835100177374531
train_rocauc: 0.9241164441535196
train_loss: 0.09192629712294244
val_prcauc: 0.2841712811279377
val_rocauc: 0.7850022716080209
val_loss: 0.2643306625111806
