test_prcauc: 0.6350438848261418
test_rocauc: 0.7698028673835126
test_loss: 0.7208771547725932
train_prcauc: 0.9971102305957047
train_rocauc: 0.9877240114012384
train_loss: 0.12763190610955158
val_prcauc: 0.9989396179908863
val_rocauc: 0.9906158357771262
val_loss: 0.1532005647366697
