test_prcauc: 0.0945389112000055
test_rocauc: 0.7523994548444085
test_loss: 0.01239355714244147
train_prcauc: 0.33177044858132576
train_rocauc: 0.9478857024562236
train_loss: 0.00994678594148681
val_prcauc: 0.08023456240941655
val_rocauc: 0.7331386006377059
val_loss: 0.01456325056175976