test_prcauc: 0.07396861057471285
test_rocauc: 0.7163967253666739
test_loss: 0.01732422094119492
train_prcauc: 0.5672249710324768
train_rocauc: 0.9845621017492578
train_loss: 0.005282051690505503
val_prcauc: 0.12879964901420782
val_rocauc: 0.7432735554296667
val_loss: 0.019159101478973067
