test_mae: 0.4494592547416687
test_rmse: 0.6015655994415283
test_loss: 0.4371284358203411
train_mae: 0.34412381052970886
train_rmse: 0.4766857326030731
train_loss: 0.3529501619838899
val_mae: 0.44692379236221313
val_rmse: 0.6035669445991516
val_loss: 0.45865923166275024
