test_mae: 0.5156277760560052
test_rmse: 0.7266554355144814
test_loss: 0.5280281219627406
train_mae: 0.33163435856887163
train_rmse: 0.45460198256253787
train_loss: 0.2590581327676773
val_mae: 0.536219454171402
val_rmse: 0.7005950441289349
val_loss: 0.4908334158580242