test_prcauc: 0.6632069992194455
test_rocauc: 0.6476614692829052
test_loss: 0.5302547978030311
train_prcauc: 0.7883435668542037
train_rocauc: 0.8268323348822945
train_loss: 0.39765897503605596
val_prcauc: 0.6396800189687155
val_rocauc: 0.6698916209358385
val_loss: 0.5327891409397125
