test_prcauc: 0.6965372954072752
test_rocauc: 0.6509452160493826
test_loss: 2.650819778442383
train_prcauc: 1.0
train_rocauc: 1.0
train_loss: 0.022845281584615303
val_prcauc: 0.8803318936853753
val_rocauc: 0.9422864599016361
val_loss: 0.7882020473480225