test_prcauc: 0.960374391224318
test_rocauc: 0.8969723691945914
test_loss: 0.5777328674282346
train_prcauc: 0.9998680697095681
train_rocauc: 0.9995763456517373
train_loss: 0.03426794153638184
val_prcauc: 0.9825875462305201
val_rocauc: 0.9495061728395063
val_loss: 0.3398416649018015
