mae: 0.5195260643959045
rmse: 0.6986448764801025
