test_prcauc: 0.4389645681384722
test_rocauc: 0.8202154374264902
test_loss: 0.2165723770365306
train_prcauc: 0.7812891862219717
train_rocauc: 0.9600961104854983
train_loss: 0.13202297445418967
val_prcauc: 0.4330735173837718
val_rocauc: 0.8366820294745989
val_loss: 0.21122707563793558