prcauc: 0.43854668886748965
rocauc: 0.819633345905523 