mae: 2.032991409301758
rmse: 2.826322078704834
