test_prcauc: 0.34974409206124574
test_rocauc: 0.7497002262449209
test_loss: 0.2729193489432234
train_prcauc: 0.6061069316459976
train_rocauc: 0.906667059409962
train_loss: 0.15192099265306247
val_prcauc: 0.3484579131362549
val_rocauc: 0.7561980093372207
val_loss: 0.2713993540465511