prcauc: 0.2765189900644324
rocauc: 0.7457377319198314
