test_prcauc: 0.6371004069491284
test_rocauc: 0.5871095587225617
test_loss: 0.5873080015182495
train_prcauc: 0.8346892137119134
train_rocauc: 0.8837845741570015
train_loss: 0.3307681083679199
val_prcauc: 0.6934475963825968
val_rocauc: 0.6554345064149097
val_loss: 0.512195634841919
