mae: 1.8459303896229429
rmse: 2.5249143060407215 