test_mae: 1.7215473596407815
test_rmse: 2.4935234202086267
test_loss: 6.217659047128928
train_mae: 0.4902441736417713
train_rmse: 0.6296533956635111
train_loss: 0.44863346219062805
val_mae: 0.8692900586236072
val_rmse: 1.209231845840634
val_loss: 1.4622416569951469