test_mae: 0.7879149799605386
test_rmse: 1.0714737468938773
test_loss: 1.1480559902828045
train_mae: 0.28749817885589124
train_rmse: 0.40829963315928947
train_loss: 0.2644850015640259
val_mae: 0.8027833670852459
val_rmse: 0.96837310972509
val_loss: 0.9377464796386412