test_prcauc: 0.6217530589312822
test_rocauc: 0.5773653279218713
test_loss: 0.542697012424469
train_prcauc: 0.79422712583079
train_rocauc: 0.8352268449813993
train_loss: 0.4166223348088022
val_prcauc: 0.6762151153719267
val_rocauc: 0.6463961361063411
val_loss: 0.4888385534286499