prcauc: 0.6428974662741732
rocauc: 0.6153676755248313
