test_prcauc: 0.5434846692997468
test_rocauc: 0.6449236263163383
test_loss: 0.26932623982429504
train_prcauc: 0.777690261333021
train_rocauc: 0.9340361336259035
train_loss: 0.18814603206780428
val_prcauc: 0.637872589717492
val_rocauc: 0.9049016710988542
val_loss: 0.14150674641132355