prcauc: 0.6100624779034863
rocauc: 0.743845358495812 