test_prcauc: 0.6303498800697852
test_rocauc: 0.7554360859138776
test_loss: 0.27066004276275635
train_prcauc: 0.8880931681750933
train_rocauc: 0.979536388421502
train_loss: 0.12624056845654857
val_prcauc: 0.671256309468502
val_rocauc: 0.8964854394431858
val_loss: 0.18925270438194275