test_mae: 0.5005865421291618
test_rmse: 0.6775000006165153
test_loss: 0.4651606091625334
train_mae: 0.31446046019910234
train_rmse: 0.4016194761693014
train_loss: 0.20494623184204103
val_mae: 0.4775569620380799
val_rmse: 0.6601633710809642
val_loss: 0.4428828572922536