test_prcauc: 0.4208897547537584
test_rocauc: 0.8218085267513646
test_loss: 0.1136718941694216
train_prcauc: 0.5773835250504852
train_rocauc: 0.9295417443006972
train_loss: 0.10062869657946673
val_prcauc: 0.4515002704208797
val_rocauc: 0.8335403205385367
val_loss: 0.11715831658215199
