prcauc: 0.63671143025099
rocauc: 0.7614769345238095 