test_prcauc: 0.6508208290197975
test_rocauc: 0.7663710264690982
test_loss: 0.2870594784617424
train_prcauc: 0.9133005551764011
train_rocauc: 0.9842778469748701
train_loss: 0.10699047125219255
val_prcauc: 0.5793900595983054
val_rocauc: 0.7315147748360744
val_loss: 0.303403377532959