test_prcauc: 0.6349671077923903
test_rocauc: 0.8157933611400765
test_loss: 0.30261969566345215
train_prcauc: 0.9270651063777058
train_rocauc: 0.9864877720205958
train_loss: 0.10007285858476192
val_prcauc: 0.5990221101806574
val_rocauc: 0.7806454094529688
val_loss: 0.2733551934361458