prcauc: 0.737977757408768
rocauc: 0.6943479938271605
