test_prcauc: 0.42861361428759276
test_rocauc: 0.8416267656936279
test_loss: 0.1991409209591371
train_prcauc: 0.5303672711123545
train_rocauc: 0.8952075578766444
train_loss: 0.21760246924093465
val_prcauc: 0.4953033605594823
val_rocauc: 0.8684584002889807
val_loss: 0.1946211283405622
