test_prcauc: 0.5435797953863944
test_rocauc: 0.6739803809126612
test_loss: 0.26744166016578674
train_prcauc: 0.7179945879344785
train_rocauc: 0.9078776900032229
train_loss: 0.21277678565646924
val_prcauc: 0.6544550362404686
val_rocauc: 0.8925637742539151
val_loss: 0.1545812338590622