test_mae: 0.656502902507782
test_rmse: 0.8537721037864685
test_loss: 0.6567263156175613
train_mae: 0.26696309447288513
train_rmse: 0.3450382351875305
train_loss: 0.26899048205344905
val_mae: 0.6305709481239319
val_rmse: 0.8668007850646973
val_loss: 0.6317663490772247
