test_prcauc: 0.12729571048744334
test_rocauc: 0.7409009520998024
test_loss: 0.014209204052586542
train_prcauc: 0.13647816244443908
train_rocauc: 0.9116865623071534
train_loss: 0.010607837260147693
val_prcauc: 0.021067477099778294
val_rocauc: 0.7811442426086864
val_loss: 0.015420922187964517