prcauc: 0.747068248889446
rocauc: 0.7720396452790819 