test_prcauc: 0.8137582327211673
test_rocauc: 0.8033385498174229
test_loss: 1.1724462509155273
train_prcauc: 0.9986726145390457
train_rocauc: 0.999115296803653
train_loss: 0.18151954460279784
val_prcauc: 0.9477257870632816
val_rocauc: 0.7608058608058609
val_loss: 1.397117257118225