test_prcauc: 0.406309091198099
test_rocauc: 0.7337679234899462
test_loss: 0.21200970033633298
train_prcauc: 0.6208029769567731
train_rocauc: 0.8988739096446258
train_loss: 0.13509356390771476
val_prcauc: 0.41178860318521915
val_rocauc: 0.7342001732802608
val_loss: 0.20847045790789456
