test_prcauc: 0.5814954320872101
test_rocauc: 0.7104360719585838
test_loss: 0.3127005994319916
train_prcauc: 0.8064692076004908
train_rocauc: 0.945167003778199
train_loss: 0.13167029960093465
val_prcauc: 0.6551503236239677
val_rocauc: 0.7514622998958037
val_loss: 0.28733015060424805