test_prcauc: 0.763008876793499
test_rocauc: 0.8864669887774153
test_OGBNanLabelloss: 0.1381375608034432
train_prcauc: 0.9093804431704829
train_rocauc: 0.98300041981726
train_OGBNanLabelloss: 0.09032284886177097
val_prcauc: 0.9379875241679042
val_rocauc: 0.9812754570427205
val_OGBNanLabelloss: 0.11043998156674206
