test_prcauc: 0.40636945287542553
test_rocauc: 0.8048387096774193
test_loss: 0.14464522891954612
train_prcauc: 0.821903792569879
train_rocauc: 0.9880085951151888
train_loss: 0.04623176341934967
val_prcauc: 0.40565585933975673
val_rocauc: 0.8280616149371186
val_loss: 0.21199928840244378
