test_prcauc: 0.17539372960130747
test_rocauc: 0.7746808551729466
test_loss: 0.15981342303840554
train_prcauc: 0.8189555190372882
train_rocauc: 0.9842569400901288
train_loss: 0.06873392701931735
val_prcauc: 0.3175866585540373
val_rocauc: 0.8178583676268861
val_loss: 0.091875935849898