test_prcauc: 0.6281912209681854
test_rocauc: 0.5952894250310138
test_loss: 0.510299026966095
train_prcauc: 0.7646094874671149
train_rocauc: 0.8004323482048036
train_loss: 0.4403247330747454
val_prcauc: 0.6842331608225024
val_rocauc: 0.6473707005096558
val_loss: 0.47627153992652893