prcauc: 0.6295922438602369
rocauc: 0.6003170164361692 