test_prcauc: 0.021632093089009603
test_rocauc: 0.635263549593332
test_loss: 0.0165097717541252
train_prcauc: 0.009735917052727614
train_rocauc: 0.7506787783911475
train_loss: 0.013136920280388114
val_prcauc: 0.044123698726581465
val_rocauc: 0.7366381242413954
val_loss: 0.015332567696631782
