test_prcauc: 0.7405869348623613
test_rocauc: 0.7762128325508608
test_loss: 0.9737299680709839
train_prcauc: 0.9749011058898314
train_rocauc: 0.985005707762557
train_loss: 0.3169010705306172
val_prcauc: 0.9548961520724024
val_rocauc: 0.7454212454212454
val_loss: 1.1515628099441528