test_prcauc: 0.09239555392466188
test_rocauc: 0.7797018750558061
test_loss: 0.013100428878286203
train_prcauc: 0.41442932972978413
train_rocauc: 0.9711288422197937
train_loss: 0.007166445596749376
val_prcauc: 0.09168020887332598
val_rocauc: 0.7728330522465209
val_loss: 0.013973002385709138
