prcauc: 0.9767693430652933
rocauc: 0.9407378335949765 