test_prcauc: 0.9770925267030013
test_rocauc: 0.9389063317634747
test_loss: 0.27243614196777344
train_prcauc: 0.9944386875719213
train_rocauc: 0.9832955380577428
train_loss: 0.1964971153125969
val_prcauc: 0.9702669839384196
val_rocauc: 0.9165120593692023
val_loss: 0.3375261425971985