mae: 0.5940257906913757
rmse: 0.8543491363525391
