test_prcauc: 0.07644917970492919
test_rocauc: 0.7286367982348115
test_loss: 0.014894319539642374
train_prcauc: 0.22015771100881024
train_rocauc: 0.9134067740568071
train_loss: 0.009111018603990063
val_prcauc: 0.12659262763261905
val_rocauc: 0.7589627537944393
val_loss: 0.016392849342082627
