test_prcauc: 0.07007662720126913
test_rocauc: 0.6987660815494282
test_loss: 0.028307517989408205
train_prcauc: 0.833905578868131
train_rocauc: 0.999419481801448
train_loss: 0.01151935815187516
val_prcauc: 0.14188274845614904
val_rocauc: 0.7434402316867387
val_loss: 0.02825747058134926
