test_mae: 2.838140685204417
test_rmse: 3.5492056115714887
test_loss: 12.596860473210544
train_mae: 0.5837007902574282
train_rmse: 0.7559870065926646
train_loss: 0.926388680934906
val_mae: 3.1230936390627173
val_rmse: 4.500864227581241
val_loss: 20.257778795120476