test_mae: 0.5437123249829525
test_rmse: 0.7075783030369
test_loss: 0.4905216360450078
train_mae: 0.33286234626209454
train_rmse: 0.4325650367931851
train_loss: 0.25132754019328524
val_mae: 0.5429673547648958
val_rmse: 0.7176533117447214
val_loss: 0.5064002993793604