test_prcauc: 0.8072659120985359
test_rocauc: 0.8774363476733977
test_loss: 0.4387935996055603
train_prcauc: 0.9872221028214512
train_rocauc: 0.9891177484996897
train_loss: 0.139716489467679
val_prcauc: 0.9270860134563226
val_rocauc: 0.9302039381153304
val_loss: 0.32796256244182587
