prcauc: 0.8436119801658097
rocauc: 0.887620719929763
