prcauc: 0.3274162571981874
rocauc: 0.6232686423134245 