test_mae: 0.5633482636899229
test_rmse: 0.7126633143112824
test_loss: 0.5152052376077679
train_mae: 0.3008532128634096
train_rmse: 0.38805366266387026
train_loss: 0.1967900755504767
val_mae: 0.5710196300432796
val_rmse: 0.7589683420926365
val_loss: 0.6090766734489986