test_prcauc: 0.3055348873002572
test_rocauc: 0.7123181562154324
test_loss: 0.2486907630324826
train_prcauc: 0.46035364071444534
train_rocauc: 0.869861692083818
train_loss: 0.1833491125243718
val_prcauc: 0.30907988403666437
val_rocauc: 0.7591449639684867
val_loss: 0.27377031535488877