test_prcauc: 0.021829650209853856
test_rocauc: 0.6550826829077766
test_loss: 1.0685291994994397
train_prcauc: 0.97180455577618
train_rocauc: 0.9999791391299827
train_loss: 0.004276399171519943
val_prcauc: 0.04867178916929525
val_rocauc: 0.6491926852121916
val_loss: 0.4468604150558822
