test_prcauc: 0.08007382783730664
test_rocauc: 0.8007193009811295
test_loss: 0.012571096478240675
train_prcauc: 0.22052353353173323
train_rocauc: 0.9173750994616482
train_loss: 0.011149342044454873
val_prcauc: 0.060950910621530574
val_rocauc: 0.7512972506417236
val_loss: 0.014438125442743376