test_mae: 2.5404372215270996
test_rmse: 3.1252784729003906
test_loss: 2.484971205393473
train_mae: 0.9410192370414734
train_rmse: 1.2261158227920532
train_loss: 0.9185636788606644
val_mae: 2.913663864135742
val_rmse: 4.077815532684326
val_loss: 2.470579465230306
