test_prcauc: 0.6542183964872447
test_rocauc: 0.6148726851851851
test_loss: 1.420588391167777
train_prcauc: 0.9989032556622353
train_rocauc: 0.9946191291353247
train_loss: 0.07639934031123465
val_prcauc: 0.9388862109581586
val_rocauc: 0.9647515682564971
val_loss: 0.2782372177711555
