test_prcauc: 0.6980135395258091
test_rocauc: 0.6628086419753086
test_loss: 1.7574700542858668
train_prcauc: 0.9998814717089444
train_rocauc: 0.9993726964017866
train_loss: 0.03538207001984119
val_prcauc: 0.9412827530007398
val_rocauc: 0.9613661256596635
val_loss: 0.3725679021860872
