test_mae: 0.6959246397018433
test_rmse: 0.8899442553520203
test_loss: 0.5911454061667124
train_mae: 0.6038617491722107
train_rmse: 0.8457170724868774
train_loss: 0.5993610686726041
val_mae: 0.7208257913589478
val_rmse: 1.1069062948226929
val_loss: 0.6794577240943909
