test_prcauc: 0.6675730957386252
test_rocauc: 0.8690108782539187
test_loss: 1.3979510545730591
train_prcauc: 0.9968634414317605
train_rocauc: 0.9996460721715072
train_loss: 0.01831738803884946
val_prcauc: 0.8382025671190199
val_rocauc: 0.9811820808299682
val_loss: 0.12722363276407123
