test_prcauc: 0.19595003277140133
test_rocauc: 0.7535255605554375
test_loss: 0.1716261438148863
train_prcauc: 0.8234217638169136
train_rocauc: 0.9790070834151796
train_loss: 0.0735612714227524
val_prcauc: 0.33652068124163775
val_rocauc: 0.808057147756222
val_loss: 0.08673853208036984