mae: 0.6060995811018205
rmse: 0.7785113531471294 