test_prcauc: 0.6732348644223284
test_rocauc: 0.8708034945556602
test_loss: 0.18640249632298947
train_prcauc: 0.8421736761685157
train_rocauc: 0.9475743569009246
train_loss: 0.16713260697821777
val_prcauc: 0.693674502587857
val_rocauc: 0.9204330725222951
val_loss: 0.12608239986002445
