test_mae: 1.8666582006867976
test_rmse: 2.404403475261517
test_loss: 5.7811560718496615
train_mae: 1.5632598658900438
train_rmse: 1.7442448311193264
train_loss: 2.3491233587265015
val_mae: 2.2014060771837833
val_rmse: 2.8548850965852486
val_loss: 8.150368914704565