test_mae: 0.6377278732217493
test_rmse: 0.8006390051831449
test_loss: 0.6343406972915746
train_mae: 0.3215362459456858
train_rmse: 0.40999384743455386
train_loss: 0.28164530226162504
val_mae: 0.6551040201832851
val_rmse: 0.8340815602928481
val_loss: 0.6915470793557895