prcauc: 0.821899732894227
rocauc: 0.8120326899669623 