test_prcauc: 0.8532038238579174
test_rocauc: 0.9100965759438103
test_loss: 0.34746358295281726
train_prcauc: 0.9750086003878562
train_rocauc: 0.980249706835897
train_loss: 0.18535880744457245
val_prcauc: 0.933305387918223
val_rocauc: 0.9324894514767933
val_loss: 0.29884338937699795
