test_mae: 0.5167624354362488
test_rmse: 0.7091155052185059
test_loss: 0.5167624226638249
train_mae: 0.17179693281650543
train_rmse: 0.2467373162508011
train_loss: 0.17179693334868976
val_mae: 0.5237756967544556
val_rmse: 0.7117949724197388
val_loss: 0.523775692496981
