test_prcauc: 0.35474223803944865
test_rocauc: 0.6631948680073475
test_loss: 0.2974637099381151
train_prcauc: 0.49138219903284336
train_rocauc: 0.8317476971485646
train_loss: 0.16231732551968253
val_prcauc: 0.3889439728513837
val_rocauc: 0.6979939755346056
val_loss: 0.2547074751607303
