test_prcauc: 0.7278450605137585
test_rocauc: 0.6766975308641976
test_loss: 1.110146164894104
train_prcauc: 0.9646958997038251
train_rocauc: 0.8629860292879987
train_loss: 0.35445375783132693
val_prcauc: 0.8251774400093438
val_rocauc: 0.8988256549232159
val_loss: 0.5053765773773193