test_prcauc: 0.6113832058868921
test_rocauc: 0.7282543530393076
test_loss: 0.4575870633125305
train_prcauc: 1.0
train_rocauc: 1.0
train_loss: 0.02250908579276175
val_prcauc: 0.682405550639845
val_rocauc: 0.9256172231524344
val_loss: 0.15542703866958618