test_mae: 0.5473012924194336
test_rmse: 0.757934033870697
test_loss: 0.5473012775182724
train_mae: 0.12224086374044418
train_rmse: 0.17747065424919128
train_loss: 0.1222408643613259
val_mae: 0.5319332480430603
val_rmse: 0.7108442783355713
val_loss: 0.5319332523005349
