test_mae: 0.41629651188850403
test_rmse: 0.5878303647041321
test_loss: 0.4162965214678219
train_mae: 0.13299578428268433
train_rmse: 0.19673986732959747
train_loss: 0.13299577124416828
val_mae: 0.4105873703956604
val_rmse: 0.5555220246315002
val_loss: 0.41058734697954996
