test_prcauc: 0.9661053771722761
test_rocauc: 0.8987360376249265
test_loss: 0.36554051084177835
train_prcauc: 0.9879247565719155
train_rocauc: 0.9661474024235122
train_loss: 0.21675700653683055
val_prcauc: 0.979751585361305
val_rocauc: 0.948395061728395
val_loss: 0.2665510560785021
