test_mae: 2.489051342010498
test_rmse: 5.0926432609558105
test_loss: 2.286087950070699
train_mae: 1.4102896451950073
train_rmse: 2.2037675380706787
train_loss: 1.420272515879737
val_mae: 2.2494521141052246
val_rmse: 2.991028070449829
val_loss: 1.9312507311503093
