test_mae: 0.605514151237905
test_rmse: 0.7688647090479559
test_loss: 0.5922805693382467
train_mae: 0.22718871208211583
train_rmse: 0.2910461197436306
train_loss: 0.17185238216604506
val_mae: 0.5965432491479884
val_rmse: 0.76500352701201
val_loss: 0.581942188999683