test_prcauc: 0.12934656186344745
test_rocauc: 0.6868440873713282
test_loss: 0.7171377890239711
train_prcauc: 0.9425469204616382
train_rocauc: 0.9994630436663656
train_loss: 0.12055435222510658
val_prcauc: 0.1680637477545778
val_rocauc: 0.7630284881442289
val_loss: 0.6275146985757512
