test_mae: 0.44329240918159485
test_rmse: 0.6222720146179199
test_loss: 0.4432924059884889
train_mae: 0.14130359888076782
train_rmse: 0.20441175997257233
train_loss: 0.14130360606525624
val_mae: 0.3962894678115845
val_rmse: 0.5354738831520081
val_loss: 0.3962894678115845
