mae: 2.2267417157627643
rmse: 2.8333582236412327 