test_mae: 2.8962052534520626
test_rmse: 3.60141583456614
test_loss: 12.970196013463728
train_mae: 0.4332695124436848
train_rmse: 0.55225504414431
train_loss: 0.7713888883590698
val_mae: 2.7060647399304436
val_rmse: 3.840190831347358
val_loss: 14.747065621164314