test_mae: 0.48848992586135864
test_rmse: 0.6576483249664307
test_loss: 0.48848995566368103
train_mae: 0.18901251256465912
train_rmse: 0.2756573259830475
train_loss: 0.18901253126713694
val_mae: 0.502843976020813
val_rmse: 0.6974300146102905
val_loss: 0.5028440001465025
