test_mae: 0.5723851316528661
test_rmse: 0.7311442657189723
test_loss: 0.5357179409229856
train_mae: 0.3716798475891047
train_rmse: 0.4766824363511383
train_loss: 0.29074857383966446
val_mae: 0.5781337155765957
val_rmse: 0.7603163085146897
val_loss: 0.6240254409864135