test_prcauc: 0.6239391089073136
test_rocauc: 0.6058999135486981
test_loss: 0.5339440703392029
train_prcauc: 0.7074022631582766
train_rocauc: 0.7328232609264226
train_loss: 0.48212107915500846
val_prcauc: 0.6540638439501554
val_rocauc: 0.6029478748898364
val_loss: 0.5005204677581787