test_prcauc: 0.08729283624333443
test_rocauc: 0.7410342133711192
test_loss: 0.01476154208815758
train_prcauc: 0.15869736441694937
train_rocauc: 0.9231500504467496
train_loss: 0.010791613523969715
val_prcauc: 0.043106679484415794
val_rocauc: 0.7650952991903174
val_loss: 0.01540667933076599