test_prcauc: 0.6364028866698739
test_rocauc: 0.6209401808734021
test_loss: 0.5677976608276367
train_prcauc: 0.8447771459060328
train_rocauc: 0.8871150533111906
train_loss: 0.3796089552572121
val_prcauc: 0.6551297171042707
val_rocauc: 0.5938648257765315
val_loss: 0.5841723084449768