test_mae: 0.7591809213800089
test_rmse: 0.9344541366427787
test_loss: 0.8573305842202645
train_mae: 0.2385183448514768
train_rmse: 0.3013806980712843
train_loss: 0.15982108350311006
val_mae: 0.7828824932844866
val_rmse: 0.9879446728949779
val_loss: 0.9728672784129918