test_prcauc: 0.6288386598171618
test_rocauc: 0.8471857296771279
test_loss: 0.3488204121589661
train_prcauc: 0.8839959097666203
train_rocauc: 0.9621251313217561
train_loss: 0.13765620266785844
val_prcauc: 0.8335264283182539
val_rocauc: 0.9420105715880365
val_loss: 0.11248296275734901
