test_prcauc: 0.08938257526809083
test_rocauc: 0.7417906100733722
test_loss: 0.015085272417095974
train_prcauc: 0.26753796340943875
train_rocauc: 0.960154000258059
train_loss: 0.009437175857783751
val_prcauc: 0.12301832127490965
val_rocauc: 0.8170565108051915
val_loss: 0.015616628303994599