test_prcauc: 0.6290318372162054
test_rocauc: 0.5840155518839842
test_loss: 0.6055771112442017
train_prcauc: 0.8706464378257863
train_rocauc: 0.9065988595188558
train_loss: 0.36416678913974654
val_prcauc: 0.6818690877306421
val_rocauc: 0.6500652048042946
val_loss: 0.5492153167724609