test_prcauc: 0.3428227792786552
test_rocauc: 0.6333341266640502
test_OGBNanLabelloss: 0.3170925162989518
train_prcauc: 0.4724693183032603
train_rocauc: 0.8173027960771181
train_OGBNanLabelloss: 0.16565504849087204
val_prcauc: 0.37752275062454865
val_rocauc: 0.6770524770522057
val_OGBNanLabelloss: 0.27568922885533037
