test_prcauc: 0.6211036061844334
test_rocauc: 0.6008214138072459
test_loss: 0.5208511352539062
train_prcauc: 0.7707237289022848
train_rocauc: 0.8045742764551236
train_loss: 0.4371385183093344
val_prcauc: 0.674445616770363
val_rocauc: 0.6437200597294708
val_loss: 0.47564277052879333