test_prcauc: 0.6065984583843622
test_rocauc: 0.5552586122042571
test_loss: 1.2682152390480042
train_prcauc: 0.878014429290967
train_rocauc: 0.9218738050618023
train_loss: 0.2885151103966766
val_prcauc: 0.6439781953506247
val_rocauc: 0.6025527865003854
val_loss: 0.9945542931556701
