test_prcauc: 0.31968360286708497
test_rocauc: 0.7388398924911111
test_loss: 0.28370150758160484
train_prcauc: 0.4744137511539865
train_rocauc: 0.8778058971556115
train_loss: 0.16639437316137068
val_prcauc: 0.3253095621771942
val_rocauc: 0.7751246164685425
val_loss: 0.2714024750446832
