test_mae: 0.43540865182876587
test_rmse: 0.5933719277381897
test_loss: 0.42128584161400795
train_mae: 0.25101861357688904
train_rmse: 0.36153700947761536
train_loss: 0.25221848228703375
val_mae: 0.4459412097930908
val_rmse: 0.6330098509788513
val_loss: 0.44545868039131165
