test_mae: 1.857909083366394
test_rmse: 2.372598886489868
test_loss: 1.686934272448222
train_mae: 0.4640403985977173
train_rmse: 0.7440246939659119
train_loss: 0.4558040102322896
val_mae: 2.33382511138916
val_rmse: 3.733513116836548
val_loss: 2.0121490160624185
