test_prcauc: 0.6329020737707444
test_rocauc: 0.6226851851851851
test_loss: 1.6725324988365173
train_prcauc: 0.9999404448246844
train_rocauc: 0.9996933182408734
train_loss: 0.038077999431301246
val_prcauc: 0.9395076497791468
val_rocauc: 0.9639549935278303
val_loss: 0.29610290484769003
