test_prcauc: 0.43087358195525205
test_rocauc: 0.8187604618851149
test_loss: 0.19525194982646038
train_prcauc: 0.7045286169267481
train_rocauc: 0.9379865462762119
train_loss: 0.1481596477473597
val_prcauc: 0.4322673852629788
val_rocauc: 0.8380411094175217
val_loss: 0.19018998152427802