test_prcauc: 0.45328440764590433
test_rocauc: 0.8207005761645978
test_loss: 0.12357912067034581
train_prcauc: 0.7177263444110388
train_rocauc: 0.9740948142514442
train_loss: 0.0608132825846648
val_prcauc: 0.42835399568611265
val_rocauc: 0.8183825977107642
val_loss: 0.13388204132884884
