test_prcauc: 0.31683713624046994
test_rocauc: 0.6287242630459643
test_loss: 0.311669889195212
train_prcauc: 0.4783185467641915
train_rocauc: 0.8309949872692814
train_loss: 0.1516875449654668
val_prcauc: 0.3770152393873853
val_rocauc: 0.6872554084426488
val_loss: 0.2591297848728196
