test_prcauc: 0.6625539676955283
test_rocauc: 0.8691603239147812
test_OGBNanLabelloss: 0.41147673800587653
train_prcauc: 0.9756261461055842
train_rocauc: 0.9986371967042948
train_OGBNanLabelloss: 0.043887818948132915
val_prcauc: 0.8637541407268678
val_rocauc: 0.9738271118552808
val_OGBNanLabelloss: 0.07299344958737493
