test_prcauc: 0.6382778642451131
test_rocauc: 0.8556945747749626
test_loss: 5.594440227746963
train_prcauc: 0.9981021003734091
train_rocauc: 0.9997246297877507
train_loss: 0.014008493718574756
val_prcauc: 0.7535636847719737
val_rocauc: 0.953448898519321
val_loss: 0.43119303956627847
