test_prcauc: 0.4237318068953056
test_rocauc: 0.8277074391124032
test_loss: 0.14754014484810107
train_prcauc: 0.8283464988308197
train_rocauc: 0.986988325222051
train_loss: 0.0634181433931727
val_prcauc: 0.41636109672351257
val_rocauc: 0.8164751814150589
val_loss: 0.15811562176906702