prcauc: 0.42292999552491056
rocauc: 0.8203418787186065 