test_prcauc: 0.8889478067944041
test_rocauc: 0.8047599423037296
test_loss: 0.9051175164905462
train_prcauc: 0.9838230090637821
train_rocauc: 0.9844159003551792
train_loss: 0.18284602991996274
val_prcauc: 0.5185472763930764
val_rocauc: 0.8644488579940417
val_loss: 0.34751068360426207
