test_prcauc: 0.9705308018856806
test_rocauc: 0.914997329059829
test_loss: 0.3220561833253929
train_prcauc: 0.997458431880071
train_rocauc: 0.9912518017518572
train_loss: 0.12116516281555338
val_prcauc: 0.9789875797606962
val_rocauc: 0.9367810206519883
val_loss: 0.26919075048395563
