test_prcauc: 0.35461876207046183
test_rocauc: 0.6487207526836414
test_OGBNanLabelloss: 0.3270684167228896
train_prcauc: 0.6242869871661585
train_rocauc: 0.8978860973617239
train_OGBNanLabelloss: 0.1262874859812218
val_prcauc: 0.3862993572655122
val_rocauc: 0.6809593196654983
val_OGBNanLabelloss: 0.28612039777739295
