test_prcauc: 0.5246811263386977
test_rocauc: 0.5722834775657735
test_loss: 0.4804454445838928
train_prcauc: 0.6423869339144719
train_rocauc: 0.8289378084230089
train_loss: 0.3186662267840869
val_prcauc: 0.5668959164969691
val_rocauc: 0.8538912964969303
val_loss: 0.3974169194698334