test_mae: 0.590888500213623
test_rmse: 0.7706922292709351
test_loss: 0.5908885555607932
train_mae: 0.14637942612171173
train_rmse: 0.20139086246490479
train_loss: 0.14637943024614028
val_mae: 0.5368306040763855
val_rmse: 0.7015994191169739
val_loss: 0.5368306572948184
