prcauc: 0.8171171831994603
rocauc: 0.8083811511041558 