prcauc: 0.21963275813186559
rocauc: 0.74557639197358 