test_mae: 0.7828416899534373
test_rmse: 1.1512995344109893
test_loss: 1.3254906179349606
train_mae: 0.5706820780199218
train_rmse: 0.7734499574205818
train_loss: 0.9575579762458801
val_mae: 0.9025088094529651
val_rmse: 1.3058701372762151
val_loss: 1.7052968154298003