prcauc: 0.33504503909798994
rocauc: 0.6449902682497254 