test_mae: 0.4920550584793091
test_rmse: 0.6980796456336975
test_loss: 0.49205510531152996
train_mae: 0.1877366155385971
train_rmse: 0.2758863866329193
train_loss: 0.18773660995066166
val_mae: 0.4443662762641907
val_rmse: 0.6289224028587341
val_loss: 0.44436630393777576
