test_prcauc: 0.6274850760292376
test_rocauc: 0.5859270015946696
test_loss: 0.529100775718689
train_prcauc: 0.7146612219861149
train_rocauc: 0.7365694505197936
train_loss: 0.484093198968122
val_prcauc: 0.6401572935362764
val_rocauc: 0.5742786221961457
val_loss: 0.49155616760253906