prcauc: 0.7916802803906151
rocauc: 0.8455920709441835
