test_prcauc: 0.9752757612740672
test_rocauc: 0.9306645735217163
test_loss: 0.3116872012615204
train_prcauc: 0.9962619469926961
train_rocauc: 0.988355905511811
train_loss: 0.15932602363702944
val_prcauc: 0.979621463799429
val_rocauc: 0.9353299761463028
val_loss: 0.3244608938694