prcauc: 0.6302730690435773
rocauc: 0.6027456064460097 