test_prcauc: 0.4331008863668484
test_rocauc: 0.8373964190588933
test_loss: 0.1224808919429779
train_prcauc: 0.7032514156772159
train_rocauc: 0.9642963611032452
train_loss: 0.08106738519514733
val_prcauc: 0.450001940614797
val_rocauc: 0.8268063926518052
val_loss: 0.13577403053641318