test_prcauc: 0.3214325939744389
test_rocauc: 0.6292223767235791
test_loss: 0.3603513545236183
train_prcauc: 0.5930562229277763
train_rocauc: 0.8949232946332063
train_loss: 0.1573935801514844
val_prcauc: 0.3499632669205977
val_rocauc: 0.6487912648718474
val_loss: 0.291743536435865