test_mae: 1.919129140496254
test_rmse: 2.4462744852262537
test_loss: 5.984258857068973
train_mae: 0.5917659178222853
train_rmse: 0.7939894651232797
train_loss: 1.0784231424331665
val_mae: 1.0847134040060797
val_rmse: 1.4491043456987527
val_loss: 2.0999034047230096