test_mae: 1.9399147968553005
test_rmse: 2.6204283335970446
test_loss: 6.866644651518184
train_mae: 0.6622685302330322
train_rmse: 0.870171078658227
train_loss: 1.49996018409729
val_mae: 2.8054394504916855
val_rmse: 3.987861508779885
val_loss: 15.903039413208184