mae: 2.2736298383772375
rmse: 2.950767535561517 