test_prcauc: 0.6154196125580781
test_rocauc: 0.5778242698031834
test_OGBNanLabelloss: 0.5971266865730286
train_prcauc: 0.7613231202985569
train_rocauc: 0.800094394091098
train_OGBNanLabelloss: 0.42020411044359207
val_prcauc: 0.6586197626159175
val_rocauc: 0.6391261507066284
val_OGBNanLabelloss: 0.525034362077713
