test_prcauc: 0.4837389025541428
test_rocauc: 0.85851980387473
test_loss: 0.1855091960341842
train_prcauc: 0.6751721239023339
train_rocauc: 0.9297050763166088
train_loss: 0.1327310137842831
val_prcauc: 0.5364047870243606
val_rocauc: 0.8700667212618703
val_loss: 0.1932768189796695
