prcauc: 0.46537532257887376
rocauc: 0.8551896784298437
