test_prcauc: 0.9740783500322671
test_rocauc: 0.9205234599425471
test_loss: 0.29090807925571094
train_prcauc: 0.9974021553456278
train_rocauc: 0.9914232434051126
train_loss: 0.12201372254639864
val_prcauc: 0.9738471100387815
val_rocauc: 0.9315488005444338
val_loss: 0.2765298699113456
