test_prcauc: 0.28014162543311305
test_rocauc: 0.7610223205748513
test_loss: 0.3402105666134717
train_prcauc: 0.5184216933700566
train_rocauc: 0.9098846276697691
train_loss: 0.1609563822531776
val_prcauc: 0.31014055751961717
val_rocauc: 0.7783618482504865
val_loss: 0.4176463855887359
