test_prcauc: 0.06471311407281242
test_rocauc: 0.6115119013097982
test_loss: 0.03714089916296501
train_prcauc: 0.9623308310594652
train_rocauc: 0.9999415910087419
train_loss: 0.0011810863254821072
val_prcauc: 0.1787557921477593
val_rocauc: 0.7031871385162044
val_loss: 0.03014397549489125
