test_prcauc: 0.6182733099781613
test_rocauc: 0.5728393153878408
test_OGBNanLabelloss: 0.6854291915893554
train_prcauc: 0.7893556491480537
train_rocauc: 0.8457338260262451
train_OGBNanLabelloss: 0.4019182821114858
val_prcauc: 0.6556382346658439
val_rocauc: 0.6005859226783725
val_OGBNanLabelloss: 0.5845688045024872
