test_prcauc: 0.5962740820498773
test_rocauc: 0.5838242556154816
test_loss: 0.7087863087654114
train_prcauc: 0.8595061823623218
train_rocauc: 0.8947560755118267
train_loss: 0.36268006534629427
val_prcauc: 0.680525117233248
val_rocauc: 0.6456215147420304
val_loss: 0.5506442189216614