test_prcauc: 0.5600636105367687
test_rocauc: 0.5656828703703703
test_loss: 2.3870474014963423
train_prcauc: 0.9999905203436059
train_rocauc: 0.9999498157121429
train_loss: 0.00996606105896221
val_prcauc: 0.8700481001900385
val_rocauc: 0.9302997112416608
val_loss: 0.7391839889543397
