prcauc: 0.36876154912758774
rocauc: 0.6730934564477028
