test_prcauc: 0.17707294683858277
test_rocauc: 0.7460188686497178
test_loss: 0.3618228852308609
train_prcauc: 0.49057239707492706
train_rocauc: 0.9043861913674534
train_loss: 0.188852871781756
val_prcauc: 0.21745045168284008
val_rocauc: 0.76354494577014
val_loss: 0.3572306003734808
