test_mae: 0.5210634053299825
test_rmse: 0.6894418108111487
test_loss: 0.47750057986042765
train_mae: 0.34972153909912423
train_rmse: 0.44696398623640426
train_loss: 0.26388263404369355
val_mae: 0.4883317893227297
val_rmse: 0.6693712756386041
val_loss: 0.44956900884410056