test_prcauc: 0.696095497095922
test_rocauc: 0.6565393518518519
test_loss: 1.2606916427612305
train_prcauc: 0.9779083906335949
train_rocauc: 0.909629411434663
train_loss: 0.3117856443765264
val_prcauc: 0.8394949536137901
val_rocauc: 0.9183980728696175
val_loss: 0.37756070494651794