test_prcauc: 0.3450572909281365
test_rocauc: 0.7478911866748987
test_OGBNanLabelloss: 0.3298521130173295
train_prcauc: 0.811737067705706
train_rocauc: 0.9744716031897882
train_OGBNanLabelloss: 0.0943610896512367
val_prcauc: 0.3325509916289217
val_rocauc: 0.782706353449917
val_OGBNanLabelloss: 0.43137182309119787
