test_prcauc: 0.9667224277449629
test_rocauc: 0.9108209200078746
test_loss: 0.378517210483551
train_prcauc: 0.9982752921577754
train_rocauc: 0.9943379790940766
train_loss: 0.14479570625623792
val_prcauc: 0.9602099074896634
val_rocauc: 0.9028108218340017
val_loss: 0.39768214523792267