test_mae: 0.41824185848236084
test_rmse: 0.5767520070075989
test_loss: 0.418241852805728
train_mae: 0.11297819018363953
train_rmse: 0.163127139210701
train_loss: 0.11297819869858879
val_mae: 0.401315301656723
val_rmse: 0.5703700184822083
val_loss: 0.4013153130099887
