test_mae: 0.6429896354675293
test_rmse: 0.827857255935669
test_loss: 0.6429896290813174
train_mae: 0.2530832290649414
train_rmse: 0.33293095231056213
train_loss: 0.25308325168277535
val_mae: 0.62746262550354
val_rmse: 0.8170526027679443
val_loss: 0.6274626425334385
