test_prcauc: 0.828126987884858
test_rocauc: 0.8849302253059951
test_loss: 0.48238375782966614
train_prcauc: 0.9441058823026555
train_rocauc: 0.9543536046553397
train_loss: 0.3038250765663035
val_prcauc: 0.7994036332006554
val_rocauc: 0.8217237308146399
val_loss: 0.6960527300834656