prcauc: 0.6542004670018097
rocauc: 0.6428433641975309 