prcauc: 0.9102764106201913
rocauc: 0.8423618634886241
