test_prcauc: 0.9118455921747162
test_rocauc: 0.8265619357168653
test_loss: 0.9026068272069097
train_prcauc: 0.974525415709255
train_rocauc: 0.9772272596430628
train_loss: 0.1910596378147602
val_prcauc: 0.5850426768040257
val_rocauc: 0.817970401691332
val_loss: 0.6284278929233551
