prcauc: 0.8129310896786872
rocauc: 0.8224656581464094 