test_prcauc: 0.29234438483532077
test_rocauc: 0.5931175225976347
test_loss: 0.3193441877642122
train_prcauc: 0.5120759452045136
train_rocauc: 0.8598233032779691
train_loss: 0.16263146981052165
val_prcauc: 0.3565557959448514
val_rocauc: 0.660486342945133
val_loss: 0.28078397092541857