test_mae: 0.700584352016449
test_rmse: 0.9371724128723145
test_loss: 0.6904551759362221
train_mae: 0.3034628629684448
train_rmse: 0.4490342438220978
train_loss: 0.30762455011567763
val_mae: 0.6457014083862305
val_rmse: 0.8786651492118835
val_loss: 0.6404981836676598
