test_mae: 0.48874178528785706
test_rmse: 1.4892827272415161
test_loss: 0.488741791674069
train_mae: 0.15859006345272064
train_rmse: 0.22914306819438934
train_loss: 0.1585900838531199
val_mae: 0.40015026926994324
val_rmse: 0.544877290725708
val_loss: 0.4001502926860537
