test_prcauc: 0.17835672301176017
test_rocauc: 0.7506986704062852
test_loss: 0.02459597618914471
train_prcauc: 0.9102401197931814
train_rocauc: 0.9993294439196726
train_loss: 0.007787047030678911
val_prcauc: 0.18058243287978862
val_rocauc: 0.7330522042065347
val_loss: 0.017695946923624573
