mae: 2.0100090503692627
rmse: 2.9879117012023926
