test_mae: 3.6899962425231934
test_rmse: 5.2933526039123535
test_loss: 3.6708791255950928
train_mae: 0.7119579911231995
train_rmse: 0.89141845703125
train_loss: 0.714291111781047
val_mae: 0.8004270792007446
val_rmse: 1.0317933559417725
val_loss: 0.7315001686414083
