test_mae: 3.593224287033081
test_rmse: 4.766530990600586
test_loss: 3.655718505382538
train_mae: 0.7153140306472778
train_rmse: 1.0415276288986206
train_loss: 0.7135280966758728
val_mae: 0.9233338236808777
val_rmse: 1.184909462928772
val_loss: 0.8331436216831207
