test_prcauc: 0.18382480324498449
test_rocauc: 0.7214469186349679
test_loss: 0.12743766748291604
train_prcauc: 0.5833876302169141
train_rocauc: 0.9183331065899587
train_loss: 0.10870342404206125
val_prcauc: 0.3737063006271034
val_rocauc: 0.8287006417793454
val_loss: 0.07197405627983458