prcauc: 0.6730214503078311
rocauc: 0.6706211419753086
