test_prcauc: 0.6900922367558902
test_rocauc: 0.8180768428735272
test_OGBNanLabelloss: 0.2408060807734728
train_prcauc: 0.9999995879014457
train_rocauc: 0.999994323342416
train_OGBNanLabelloss: 0.00439555074844975
val_prcauc: 0.8982599187152539
val_rocauc: 0.9831675366886634
val_OGBNanLabelloss: 0.06287237750948407
