test_mae: 2.956644000342259
test_rmse: 4.1335625752541105
test_loss: 17.086339563541397
train_mae: 0.5584815723303093
train_rmse: 0.7427468032464316
train_loss: 0.7750074863433838
val_mae: 1.184650029814557
val_rmse: 1.5751482832730799
val_loss: 2.4810921142981304