test_prcauc: 0.5969779836555282
test_rocauc: 0.7977666919455242
test_loss: 0.31949596107006073
train_prcauc: 0.9444713676923857
train_rocauc: 0.9888235086815556
train_loss: 0.09351254554408227
val_prcauc: 0.5798748845378371
val_rocauc: 0.7344143822524021
val_loss: 0.3221379965543747