test_mae: 0.6070674061775208
test_rmse: 0.7900512218475342
test_loss: 0.6070673593452999
train_mae: 0.10522933304309845
train_rmse: 0.1358068883419037
train_loss: 0.1052293400945408
val_mae: 0.5500908493995667
val_rmse: 0.7063323855400085
val_loss: 0.5500908728156771
