test_prcauc: 0.1462949816932725
test_rocauc: 0.7575026529172674
test_loss: 0.018228299631197674
train_prcauc: 0.7368874626937526
train_rocauc: 0.9953310921864817
train_loss: 0.023067675480175118
val_prcauc: 0.16864922911592917
val_rocauc: 0.754432098134277
val_loss: 0.027840787235372685
