test_prcauc: 0.02243330753372483
test_rocauc: 0.6277161499889307
test_loss: 0.049299930797843255
train_prcauc: 0.998252586854305
train_rocauc: 0.9999971902842577
train_loss: 0.0018212700296353363
val_prcauc: 0.043406460569170385
val_rocauc: 0.7759450661542959
val_loss: 0.041663459781609354