test_prcauc: 0.8098449448478182
test_rocauc: 0.8707983193277311
test_loss: 0.5092887878417969
train_prcauc: 0.9564718066798719
train_rocauc: 0.9652104293181064
train_loss: 0.3050501527439441
val_prcauc: 0.8388863250306374
val_rocauc: 0.8910837259876767
val_loss: 0.46311211585998535