prcauc: 0.8126427046812961
rocauc: 0.8723739495798319 