test_prcauc: 0.8443122732387425
test_rocauc: 0.8686051935935314
test_loss: 0.8396944478154182
train_prcauc: 0.9961268270759489
train_rocauc: 0.996599666436623
train_loss: 0.0724859002770649
val_prcauc: 0.8524198295043013
val_rocauc: 0.89614898989899
val_loss: 0.6748324334621429
