test_prcauc: 0.7340605424311816
test_rocauc: 0.6826774691358025
test_loss: 2.2615325450897217
train_prcauc: 0.9999433015929722
train_rocauc: 0.999699826067441
train_loss: 0.07151446252512846
val_prcauc: 0.8461329144991383
val_rocauc: 0.9133795041654121
val_loss: 0.8030213117599487