test_mae: 0.6098352423466388
test_rmse: 0.7962133379901626
test_loss: 0.6408020451932981
train_mae: 0.2973482554645411
train_rmse: 0.3762084139238094
train_loss: 0.17483175694942474
val_mae: 0.5999596455106069
val_rmse: 0.7846610458540492
val_loss: 0.6184297865495437