test_prcauc: 0.4858403148654437
test_rocauc: 0.8572306338177171
test_loss: 0.11032220830812174
train_prcauc: 0.6350255170693625
train_rocauc: 0.946313099872073
train_loss: 0.09006088754482078
val_prcauc: 0.4181414905119515
val_rocauc: 0.8323493085397848
val_loss: 0.13620276091729894