prcauc: 0.6434680895122207
rocauc: 0.6184288138373918 