test_mae: 0.6444863080978394
test_rmse: 0.8322832584381104
test_loss: 0.6444863549300602
train_mae: 0.4140463173389435
train_rmse: 0.5628722906112671
train_loss: 0.414046298712492
val_mae: 0.6203938126564026
val_rmse: 0.8048312664031982
val_loss: 0.6203938956771579
