test_prcauc: 0.10283021061961634
test_rocauc: 0.7733932994862178
test_loss: 0.01590447962731101
train_prcauc: 0.36134217105522826
train_rocauc: 0.9683347034821217
train_loss: 0.008842421721459274
val_prcauc: 0.17123877521953168
val_rocauc: 0.8133712670741763
val_loss: 0.013699897537478916