test_prcauc: 0.7663287551013349
test_rocauc: 0.9008912372083728
test_OGBNanLabelloss: 0.17823874726891517
train_prcauc: 0.9630533646997679
train_rocauc: 0.9917494788055816
train_OGBNanLabelloss: 0.08621771956483523
val_prcauc: 0.7559353035847745
val_rocauc: 0.9132044001346122
val_OGBNanLabelloss: 0.14725142456591128
