prcauc: 0.815308396877044
rocauc: 0.8247261345852895 