test_prcauc: 0.309984485908766
test_rocauc: 0.7144201825987588
test_loss: 0.292393050260014
train_prcauc: 0.43885641444182205
train_rocauc: 0.8678669901010835
train_loss: 0.1739045710227136
val_prcauc: 0.33054147404258744
val_rocauc: 0.7678821281672116
val_loss: 0.2767789083774443
