prcauc: 0.37625646136890545
rocauc: 0.7156653816193047 