test_prcauc: 0.3779398100893738
test_rocauc: 0.7173087647008367
test_loss: 0.209026795124056
train_prcauc: 0.4859946678884236
train_rocauc: 0.8380134695722299
train_loss: 0.19155706115671225
val_prcauc: 0.37572538514712894
val_rocauc: 0.720357982720357
val_loss: 0.19296771643481145