test_mae: 0.38432303071022034
test_rmse: 0.5117306113243103
test_loss: 0.37497542053461075
train_mae: 0.30279484391212463
train_rmse: 0.44178950786590576
train_loss: 0.2997015695418081
val_mae: 0.43780457973480225
val_rmse: 0.595962643623352
val_loss: 0.4414633512496948
