test_prcauc: 0.06411797038783515
test_rocauc: 0.7080484226227406
test_loss: 0.03907192900078371
train_prcauc: 0.8746694790335221
train_rocauc: 0.9993922599070864
train_loss: 0.002479996724788827
val_prcauc: 0.1317073275920521
val_rocauc: 0.7459267892490837
val_loss: 0.03356451166709855
