mae: 2.634612798690796
rmse: 3.2051382064819336
