mae: 1.7373003959655762
rmse: 38.177120208740234
