test_mae: 0.4372783303260803
test_rmse: 0.6139446496963501
test_loss: 0.43727833884102957
train_mae: 0.18158867955207825
train_rmse: 0.2506791651248932
train_loss: 0.18158868336606593
val_mae: 0.39913520216941833
val_rmse: 0.5411940217018127
val_loss: 0.39913522239242283
