test_mae: 0.42596128582954407
test_rmse: 0.6215667128562927
test_loss: 0.4259612975375993
train_mae: 0.1338401734828949
train_rmse: 0.40722909569740295
train_loss: 0.1338401792482251
val_mae: 0.39242029190063477
val_rmse: 0.532672107219696
val_loss: 0.39242028604660717
