prcauc: 0.41257991754257234
rocauc: 0.7394777499157879
