test_prcauc: 0.42659742976426157
test_rocauc: 0.7439875068338532
test_OGBNanLabelloss: 0.21194635909692994
train_prcauc: 0.6556429727868504
train_rocauc: 0.9138110694874997
train_OGBNanLabelloss: 0.12732915333363898
val_prcauc: 0.4101943948399181
val_rocauc: 0.7331540676415711
val_OGBNanLabelloss: 0.21483714056426081
