test_prcauc: 0.17770180892687487
test_rocauc: 0.6795805249232313
test_loss: 0.27051423389491613
train_prcauc: 0.963115546380838
train_rocauc: 0.998473172995182
train_loss: 0.018058774948100008
val_prcauc: 0.2158743003383188
val_rocauc: 0.7905429404271997
val_loss: 1.1018905485195674
