test_prcauc: 0.10136814415022259
test_rocauc: 0.7172190455620412
test_loss: 0.015813477131439716
train_prcauc: 0.14981129839222754
train_rocauc: 0.9163827573176507
train_loss: 0.01110321081035743
val_prcauc: 0.13225784056012266
val_rocauc: 0.8111101284943194
val_loss: 0.013221940046925854