test_mae: 0.39196541905403137
test_rmse: 0.578985869884491
test_loss: 0.39196544388930005
train_mae: 0.14764340221881866
train_rmse: 0.21634073555469513
train_loss: 0.14764341810832218
val_mae: 0.4067526161670685
val_rmse: 0.5661293268203735
val_loss: 0.4067526360352834
