test_prcauc: 0.14165331136158757
test_rocauc: 0.8197476961501003
test_loss: 0.016411991855444032
train_prcauc: 0.456409700227412
train_rocauc: 0.9742015038916092
train_loss: 0.006609792868861613
val_prcauc: 0.1846676729028126
val_rocauc: 0.8073769825857996
val_loss: 0.015443593081329436
