test_mae: 0.9429320693016052
test_rmse: 1.9862701892852783
test_loss: 0.9429321374211993
train_mae: 0.28183257579803467
train_rmse: 0.3678032457828522
train_loss: 0.2818325881713203
val_mae: 0.8576613068580627
val_rmse: 1.066858172416687
val_loss: 0.857661349432809
