mae: 0.622066855430603
rmse: 1.0630114078521729
