test_mae: 0.6196704506874084
test_rmse: 0.9977747201919556
test_loss: 0.5717134356498719
train_mae: 0.17907777428627014
train_rmse: 0.30905523896217346
train_loss: 0.1786424976128798
val_mae: 0.5808811187744141
val_rmse: 0.9202085137367249
val_loss: 0.6627924799919128
