test_mae: 3.062729835510254
test_rmse: 4.67455530166626
test_loss: 2.6554088195165
train_mae: 0.7431588172912598
train_rmse: 1.1088789701461792
train_loss: 0.7758306562900543
val_mae: 2.340970039367676
val_rmse: 3.7107298374176025
val_loss: 2.018695910771688
