prcauc: 0.3586341461527804
rocauc: 0.7518142261947992
