test_prcauc: 0.35329946133626394
test_rocauc: 0.7539397776020674
test_loss: 0.2617955224381553
train_prcauc: 0.5507100247021578
train_rocauc: 0.8917170606384522
train_loss: 0.1568295873844167
val_prcauc: 0.3763315405825874
val_rocauc: 0.79925652616737
val_loss: 0.2519960886350385
