test_prcauc: 0.9664563982548008
test_rocauc: 0.9156200941915228
test_loss: 0.3705132007598877
train_prcauc: 0.9985328840733516
train_rocauc: 0.9952934383202099
train_loss: 0.13267179021856362
val_prcauc: 0.9709628099848036
val_rocauc: 0.9186323880201431
val_loss: 0.37823110818862915