prcauc: 0.9688808839033356
rocauc: 0.9201988487702774 