test_prcauc: 0.6587135729913902
test_rocauc: 0.8891707187609597
test_loss: 0.18952576816082
train_prcauc: 0.7936173978615486
train_rocauc: 0.9472841012202675
train_loss: 0.17394164158933784
val_prcauc: 0.6562436156698571
val_rocauc: 0.8669786096256684
val_loss: 0.220243901014328