test_prcauc: 0.7061864071689461
test_rocauc: 0.662037037037037
test_loss: 1.2148561477661133
train_prcauc: 0.977315575046477
train_rocauc: 0.9073654828031196
train_loss: 0.31247651586659925
val_prcauc: 0.8350048260970715
val_rocauc: 0.9158887885175148
val_loss: 0.3796483278274536