test_prcauc: 0.046367657606669305
test_rocauc: 0.6655851907801879
test_loss: 0.08817317350535471
train_prcauc: 0.7725402863957154
train_rocauc: 0.9978762655533607
train_loss: 0.005139467131596747
val_prcauc: 0.10260559631080547
val_rocauc: 0.6273114412408889
val_loss: 0.03213926959390545
