test_prcauc: 0.740914501770834
test_rocauc: 0.9453283308004052
test_loss: 0.6121602797415108
train_prcauc: 0.9737045782582747
train_rocauc: 0.9952020411513369
train_loss: 0.04825090820280214
val_prcauc: 0.8080109977602129
val_rocauc: 0.9043812769602645
val_loss: 0.17108923606574536
