prcauc: 0.630632423202523
rocauc: 0.6183197151045534 