prcauc: 0.44904116567356117
rocauc: 0.8241135514588488 