test_prcauc: 0.45004920579223207
test_rocauc: 0.8327995879239779
test_loss: 0.20392844549086475
train_prcauc: 0.6357953674669523
train_rocauc: 0.9223889537666613
train_loss: 0.15593437303222923
val_prcauc: 0.4150406632998492
val_rocauc: 0.8363165080772142
val_loss: 0.2080037059532057