test_prcauc: 0.23913171272001288
test_rocauc: 0.7466403337344375
test_loss: 0.11668451198122719
train_prcauc: 0.6433686219066289
train_rocauc: 0.9414576744903155
train_loss: 0.0948027800669982
val_prcauc: 0.22507754789967255
val_rocauc: 0.7207466556382305
val_loss: 0.15080425188396918