test_prcauc: 0.620037676912112
test_rocauc: 0.5806493205533675
test_OGBNanLabelloss: 2.890140008926392
train_prcauc: 0.9037652131588777
train_rocauc: 0.9442857849895149
train_OGBNanLabelloss: 0.2512846775352955
val_prcauc: 0.6594449543276111
val_rocauc: 0.618644712258468
val_OGBNanLabelloss: 2.0377000272274017
