test_prcauc: 0.061388200794643036
test_rocauc: 0.7350629242844328
test_loss: 0.01508347475491087
train_prcauc: 0.112741416995612
train_rocauc: 0.870712043337443
train_loss: 0.012301882231940594
val_prcauc: 0.14351524728194145
val_rocauc: 0.7901983030313423
val_loss: 0.013152279002443113