test_mae: 0.6172526902058544
test_rmse: 0.8494639038576562
test_loss: 0.7215889239570895
train_mae: 0.5064932849749847
train_rmse: 0.6643369050651603
train_loss: 0.7427027821540833
val_mae: 0.5614009446022074
val_rmse: 0.7236185822162633
val_loss: 0.523623852528675