test_prcauc: 0.801602213152877
test_rocauc: 0.8653711484593838
test_loss: 0.5182061195373535
train_prcauc: 0.9542432433148728
train_rocauc: 0.9624720878686255
train_loss: 0.3221871744394213
val_prcauc: 0.8147099192640899
val_rocauc: 0.8785791953606379
val_loss: 0.5215634703636169