test_prcauc: 0.2859826236258142
test_rocauc: 0.73492432944734
test_loss: 0.28284185296959347
train_prcauc: 0.40071626214480327
train_rocauc: 0.8620501325146427
train_loss: 0.18186338702172183
val_prcauc: 0.3372081126357184
val_rocauc: 0.7929248718029588
val_loss: 0.2595759264572903
