mae: 0.8254878472939003
rmse: 1.112561651202311 