test_mae: 0.8321178881304455
test_rmse: 1.1208357871624621
test_loss: 1.2562728617840961
train_mae: 0.3043322902828554
train_rmse: 0.4308645430151969
train_loss: 0.265874732285738
val_mae: 0.8078428786581596
val_rmse: 0.9696289195937644
val_loss: 0.9401802417125708