mae: 1.5841885805130005
rmse: 2.3111941814422607
