mae: 0.4490179419517517
rmse: 0.7864956855773926
