prcauc: 0.5445629379909153
rocauc: 0.6348965706489405 