test_prcauc: 0.5424277690827023
test_rocauc: 0.626137945124912
test_loss: 0.32068607211112976
train_prcauc: 0.7520294210832577
train_rocauc: 0.9162942380180716
train_loss: 0.16203269396981193
val_prcauc: 0.6309370886258767
val_rocauc: 0.7517831770389315
val_loss: 0.27699893712997437