test_prcauc: 0.40058490220361015
test_rocauc: 0.7394180980418373
test_OGBNanLabelloss: 0.20966863452360548
train_prcauc: 0.6118788902045881
train_rocauc: 0.8951629401698978
train_OGBNanLabelloss: 0.13863187330926574
val_prcauc: 0.4158644296176981
val_rocauc: 0.739993347387712
val_OGBNanLabelloss: 0.20334213310531501
