test_mae: 0.5993449687957764
test_rmse: 0.7997544407844543
test_loss: 0.5993449836969376
train_mae: 0.12229829281568527
train_rmse: 0.15973180532455444
train_loss: 0.1222982870281807
val_mae: 0.5558527112007141
val_rmse: 0.7266919016838074
val_loss: 0.5558527026857648
