test_prcauc: 0.9672837460660614
test_rocauc: 0.903925949569103
test_loss: 0.4539945843544873
train_prcauc: 0.9975561337246703
train_rocauc: 0.9918343179157706
train_loss: 0.1088804315465192
val_prcauc: 0.968680077882091
val_rocauc: 0.9272387001644643
val_loss: 0.3636702868071469
