test_mae: 0.8125022126445474
test_rmse: 1.2161815803338467
test_loss: 1.479097636343333
train_mae: 0.548988896283873
train_rmse: 0.7261769825419783
train_loss: 0.9399102926254272
val_mae: 0.7131634826007789
val_rmse: 0.9471206914927012
val_loss: 0.8970376042536127