test_prcauc: 0.3981887577838408
test_rocauc: 0.805080214713705
test_loss: 0.16024727210542639
train_prcauc: 0.7265273522472551
train_rocauc: 0.9855652422649603
train_loss: 0.11477390700056275
val_prcauc: 0.3631964631335415
val_rocauc: 0.8343881856540085
val_loss: 0.24735146765009436
