test_mae: 0.7597196199184373
test_rmse: 0.937141594162912
test_loss: 0.8631459381041011
train_mae: 0.32512328663237744
train_rmse: 0.411121395324096
train_loss: 0.2713081017136574
val_mae: 0.8010917056720882
val_rmse: 0.99723284629249
val_loss: 1.003277012428855