test_mae: 0.5974653363227844
test_rmse: 0.7782893776893616
test_loss: 0.5974653129066739
train_mae: 0.19089296460151672
train_rmse: 1.4394644498825073
train_loss: 0.19089296613154666
val_mae: 0.5338454842567444
val_rmse: 0.6896411180496216
val_loss: 0.533845494900431
