test_prcauc: 0.764273238209535
test_rocauc: 0.7574334898278561
test_loss: 0.852677583694458
train_prcauc: 0.894342419218941
train_rocauc: 0.9347146118721461
train_loss: 0.3687694890260263
val_prcauc: 0.9417893218117726
val_rocauc: 0.7223443223443224
val_loss: 0.8872456550598145