test_prcauc: 0.296729286646493
test_rocauc: 0.696331556063261
test_loss: 0.24540260086569235
train_prcauc: 0.43571246989392715
train_rocauc: 0.8656743734320694
train_loss: 0.18376257382166572
val_prcauc: 0.32591448773125276
val_rocauc: 0.7614194719077362
val_loss: 0.2717869467550971