test_mae: 0.5161250233650208
test_rmse: 0.7009214758872986
test_loss: 0.5161250063351223
train_mae: 0.19486995041370392
train_rmse: 0.27379894256591797
train_loss: 0.19486994349530765
val_mae: 0.45301035046577454
val_rmse: 0.6083750128746033
val_loss: 0.45301036323819843
