test_mae: 0.4805581200241096
test_rmse: 0.6405733677224191
test_loss: 0.4330088978632314
train_mae: 0.3310983613005706
train_rmse: 0.4265234957246679
train_loss: 0.2459381322065989
val_mae: 0.481643712383414
val_rmse: 0.6663602099980256
val_loss: 0.4639448042763415