test_mae: 0.5121979117393494
test_rmse: 0.7083012461662292
test_loss: 0.49947942793369293
train_mae: 0.33644330501556396
train_rmse: 0.5024354457855225
train_loss: 0.3366169709226359
val_mae: 0.5045986771583557
val_rmse: 0.7138069868087769
val_loss: 0.5054712705314159
