test_prcauc: 0.21984223199605474
test_rocauc: 0.7507765357017204
test_loss: 0.12295723672617566
train_prcauc: 0.6597399253278383
train_rocauc: 0.9535735286735653
train_loss: 0.08871543612821235
val_prcauc: 0.21873334866561842
val_rocauc: 0.7109911519247673
val_loss: 0.1656457640682206