test_prcauc: 0.5268759228235274
test_rocauc: 0.5880656344489625
test_loss: 0.5061799883842468
train_prcauc: 1.0
train_rocauc: 1.0
train_loss: 0.010728278870282845
val_prcauc: 0.6487279161321161
val_rocauc: 0.9005934206638432
val_loss: 0.18597747385501862