test_mae: 0.7034769058227539
test_rmse: 0.9091945290565491
test_loss: 0.6972564607858658
train_mae: 0.25534534454345703
train_rmse: 0.4978192150592804
train_loss: 0.2599707048746847
val_mae: 0.6434101462364197
val_rmse: 0.8680313229560852
val_loss: 0.6392169892787933
