test_prcauc: 0.8583020183067452
test_rocauc: 0.7288790438903772
test_loss: 1.1847867667675018
train_prcauc: 0.9757292150067989
train_rocauc: 0.9770906932157698
train_loss: 0.2572306581525753
val_prcauc: 0.45980884870682626
val_rocauc: 0.8630536130536131
val_loss: 0.8543274402618408