test_mae: 0.9073705422408814
test_rmse: 1.1419742293292996
test_loss: 1.3041051404522481
train_mae: 0.37086988013962924
train_rmse: 0.49439574030248074
train_loss: 0.37431750446558
val_mae: 0.8578477333794654
val_rmse: 1.0147080024370119
val_loss: 1.0296323302097112