test_prcauc: 0.27307814613748427
test_rocauc: 0.7467079171893913
test_OGBNanLabelloss: 0.5293728560209274
train_prcauc: 0.46023336950084587
train_rocauc: 0.884614231137142
train_OGBNanLabelloss: 0.16498471643223148
val_prcauc: 0.2935005526799243
val_rocauc: 0.7727978709820409
val_OGBNanLabelloss: 0.667643161283599
