test_prcauc: 0.7642123993628727
test_rocauc: 0.8268346595932804
test_loss: 0.5983312427997589
train_prcauc: 0.939450381105134
train_rocauc: 0.9523351069563257
train_loss: 0.3437455395344126
val_prcauc: 0.7931856295223381
val_rocauc: 0.8275181040157998
val_loss: 0.6481729745864868