test_prcauc: 0.25050285748370005
test_rocauc: 0.7931478012321598
test_loss: 0.22441372703558402
train_prcauc: 0.5225738694530336
train_rocauc: 0.9021185503214458
train_loss: 0.10771457136777605
val_prcauc: 0.2606722350049871
val_rocauc: 0.8049094895159711
val_loss: 0.1896364759903509
