prcauc: 0.8119007339081068
rocauc: 0.8045557294383585 