test_prcauc: 0.6380515484187965
test_rocauc: 0.5908593592433122
test_loss: 0.5940184593200684
train_prcauc: 0.8941449631999397
train_rocauc: 0.9315924378442157
train_loss: 0.3128354879963158
val_prcauc: 0.6742641836277228
val_rocauc: 0.6370061723296127
val_loss: 0.5703279376029968