test_prcauc: 0.6160658145998676
test_rocauc: 0.5880594135802469
test_loss: 2.8636803116117204
train_prcauc: 0.9999492783468349
train_rocauc: 0.99971562236881
train_loss: 0.01342459186509421
val_prcauc: 0.93254332382032
val_rocauc: 0.9605695509309967
val_loss: 0.4660474255714299
