test_prcauc: 0.33892905933861517
test_rocauc: 0.7485339616419923
test_OGBNanLabelloss: 0.28523035077378156
train_prcauc: 0.6835429139203111
train_rocauc: 0.9371158693658037
train_OGBNanLabelloss: 0.12029493871893061
val_prcauc: 0.3723400961885938
val_rocauc: 0.7788648082015195
val_OGBNanLabelloss: 0.2638575850054622
