test_prcauc: 0.15616546307101567
test_rocauc: 0.7891870728640725
test_loss: 0.14800409316044102
train_prcauc: 0.2523964722707807
train_rocauc: 0.9403778318801551
train_loss: 0.014775111016409867
val_prcauc: 0.15585116624312625
val_rocauc: 0.8447369999699529
val_loss: 0.011882975041137115
