prcauc: 0.6974514688637656
rocauc: 0.7761200716845877 