test_prcauc: 0.6990646247447699
test_rocauc: 0.7765681003584228
test_loss: 0.9688817858695984
train_prcauc: 0.9835773445624932
train_rocauc: 0.9420390877331751
train_loss: 0.2646287104581561
val_prcauc: 0.9955502614647685
val_rocauc: 0.9655899655899656
val_loss: 0.2685606926679611