test_prcauc: 0.32791886383251845
test_rocauc: 0.6285825067368285
test_loss: 0.3825973594780009
train_prcauc: 0.6739865354446295
train_rocauc: 0.9315049342428587
train_loss: 0.14260629942410516
val_prcauc: 0.37223077618998496
val_rocauc: 0.6710239318114039
val_loss: 0.30075692970954726