prcauc: 0.37231039874053223
rocauc: 0.7537906657385003 