test_prcauc: 0.1705861080436081
test_rocauc: 0.708939917727264
test_loss: 0.668049856887091
train_prcauc: 0.978076912830944
train_rocauc: 0.9986964904431511
train_loss: 0.014546592658992226
val_prcauc: 0.20469082588614257
val_rocauc: 0.800650352733686
val_loss: 1.1492792354694388
