test_prcauc: 0.7521878940674225
test_rocauc: 0.777603894974787
test_loss: 0.8591346989075342
train_prcauc: 0.8835896690162097
train_rocauc: 0.9064611872146118
train_loss: 0.7793415297822255
val_prcauc: 0.9374423851599025
val_rocauc: 0.7681318681318682
val_loss: 0.9338481649756432
