test_prcauc: 0.33284158253494545
test_rocauc: 0.747880375525957
test_loss: 0.2751078451121295
train_prcauc: 0.5255287552245337
train_rocauc: 0.8935586739036908
train_loss: 0.15890176761806296
val_prcauc: 0.36127499638369914
val_rocauc: 0.7897629191959882
val_loss: 0.25400519936724947
