test_mae: 0.4478241801261902
test_rmse: 0.5767748951911926
test_loss: 0.4396963566541672
train_mae: 0.2757679224014282
train_rmse: 0.3921084702014923
train_loss: 0.2758411106563384
val_mae: 0.42772796750068665
val_rmse: 0.563659131526947
val_loss: 0.4329652041196823
