test_prcauc: 0.20390622475907116
test_rocauc: 0.7530350141949439
test_loss: 0.1262847287032534
train_prcauc: 0.6203181175287109
train_rocauc: 0.931968362994169
train_loss: 0.09867300479723685
val_prcauc: 0.3727154593215646
val_rocauc: 0.8103597148736037
val_loss: 0.07611709635923891