mae: 0.5958783626556396
rmse: 0.7633202075958252
