test_prcauc: 0.6533116582819075
test_rocauc: 0.6315043490734524
test_loss: 0.5088399222918919
train_prcauc: 0.7243530954689011
train_rocauc: 0.756196499375491
train_loss: 0.4499246794730425
val_prcauc: 0.6514074948974311
val_rocauc: 0.64853623821859
val_loss: 0.5066566595009395
