test_prcauc: 0.9152544356446237
test_rocauc: 0.8437161430119178
test_loss: 1.0175320962443948
train_prcauc: 0.9997956181815297
train_rocauc: 0.9998272884283247
train_loss: 0.029833217022112675
val_prcauc: 0.5483233967494845
val_rocauc: 0.8193446088794927
val_loss: 0.9487353153526783
