test_prcauc: 0.3905667444856351
test_rocauc: 0.8117326355655726
test_loss: 0.18847223776371472
train_prcauc: 0.9058042454231418
train_rocauc: 0.9960390155768155
train_loss: 0.033809018789507386
val_prcauc: 0.4101953752961399
val_rocauc: 0.8390094083393087
val_loss: 0.20932087919934103
