prcauc: 0.37754714204820394
rocauc: 0.7594189186605781 