test_prcauc: 0.07643457472870034
test_rocauc: 0.737917472225355
test_loss: 0.01880173999969241
train_prcauc: 0.6287420583341156
train_rocauc: 0.9946998557320199
train_loss: 0.006319007530846973
val_prcauc: 0.14158651986608264
val_rocauc: 0.820113361994666
val_loss: 0.01836653852099905