prcauc: 0.7143287872601687
rocauc: 0.7137889062771692 