test_prcauc: 0.09636312550940017
test_rocauc: 0.7651588843487125
test_loss: 0.01255866209794895
train_prcauc: 0.20380485942482354
train_rocauc: 0.9131791023431224
train_loss: 0.011355838185586803
val_prcauc: 0.043711989543879275
val_rocauc: 0.7489683934573229
val_loss: 0.014717401265705187