test_prcauc: 0.4003737770384029
test_rocauc: 0.7366685740941549
test_loss: 0.2029951672101843
train_prcauc: 0.5645450572406753
train_rocauc: 0.8738289480113016
train_loss: 0.15585651495602243
val_prcauc: 0.39916127154683406
val_rocauc: 0.7336744795051819
val_loss: 0.2623814693170375
