test_mae: 2.369781970977783
test_rmse: 3.423508644104004
test_loss: 2.4536405404408774
train_mae: 1.3296277523040771
train_rmse: 1.780896544456482
train_loss: 1.4249281121624842
val_mae: 2.973444700241089
val_rmse: 4.059789180755615
val_loss: 2.6733202934265137
