test_mae: 0.5713225873474563
test_rmse: 0.7481496469866535
test_loss: 0.5584322430190336
train_mae: 0.31839945657875035
train_rmse: 0.40933626438513065
train_loss: 0.2258454986980983
val_mae: 0.5622250484717745
val_rmse: 0.7349228228738885
val_loss: 0.5339953631415655