test_prcauc: 0.07878552220995827
test_rocauc: 0.7194457464134649
test_loss: 0.016261826239990434
train_prcauc: 0.13099526813264778
train_rocauc: 0.8896642718699027
train_loss: 0.009889877962236613
val_prcauc: 0.06071550094092714
val_rocauc: 0.7533423194949304
val_loss: 0.016291150672514226
