test_mae: 2.437494142828509
test_rmse: 3.2254127942186037
test_loss: 10.403287693109064
train_mae: 0.462512393660858
train_rmse: 0.5960786859173046
train_loss: 0.7689494490623474
val_mae: 2.441121381139383
val_rmse: 3.904449360737422
val_loss: 15.244724810562865