test_mae: 2.7465734481811523
test_rmse: 3.9631545543670654
test_loss: 2.7492693662643433
train_mae: 0.21555417776107788
train_rmse: 0.3612445294857025
train_loss: 0.21596400325114912
val_mae: 0.7908806800842285
val_rmse: 0.9935800433158875
val_loss: 0.7185605565706888
