test_mae: 0.6045399532481318
test_rmse: 0.7760628680232919
test_loss: 0.5965879261424951
train_mae: 0.23685032614504564
train_rmse: 0.30406388467208983
train_loss: 0.1877523266843387
val_mae: 0.6179847953191825
val_rmse: 0.7964633741221944
val_loss: 0.6286158884106761