test_mae: 0.8187845116473932
test_rmse: 1.0650321142724866
test_loss: 1.1342934044317228
train_mae: 0.3019740370654901
train_rmse: 0.4195438229080598
train_loss: 0.3195232227444649
val_mae: 0.8070678753156578
val_rmse: 0.9505341171047472
val_loss: 0.9035151077801014