test_prcauc: 0.09345671794748327
test_rocauc: 0.750117764586471
test_loss: 0.022640666152796442
train_prcauc: 0.9478778934751662
train_rocauc: 0.9999386623179566
train_loss: 0.002798007820954521
val_prcauc: 0.1017421024552964
val_rocauc: 0.7159379487438121
val_loss: 0.028517682549741
