test_mae: 0.4241673946380615
test_rmse: 0.8219265341758728
test_loss: 0.4241673889614287
train_mae: 0.09438850730657578
train_rmse: 0.14578606188297272
train_loss: 0.09438850905518142
val_mae: 0.4074679911136627
val_rmse: 0.5721186399459839
val_loss: 0.40746802943093435
