test_prcauc: 0.10552130328152651
test_rocauc: 0.7313577869878636
test_loss: 0.01330226580580913
train_prcauc: 0.4640404890374674
train_rocauc: 0.9786084152493418
train_loss: 0.008701051765872157
val_prcauc: 0.08029069805593307
val_rocauc: 0.8420731035162868
val_loss: 0.01392579637043168