prcauc: 0.3229978105564387
rocauc: 0.6237927352070586 