test_prcauc: 0.6669380878083462
test_rocauc: 0.8951317207103882
test_loss: 0.49658631086349486
train_prcauc: 0.9579138244746952
train_rocauc: 0.9905737923630382
train_loss: 0.09260670254006982
val_prcauc: 0.8463536281511221
val_rocauc: 0.9676212285367215
val_loss: 0.23777313232421876
