test_mae: 0.560051679611206
test_rmse: 0.7252179980278015
test_loss: 0.5600516561950956
train_mae: 0.1313890963792801
train_rmse: 0.17916248738765717
train_loss: 0.13138910409595286
val_mae: 0.5385399460792542
val_rmse: 0.7027550935745239
val_loss: 0.5385399290493557
