prcauc: 0.6059760301304296
rocauc: 0.7830899453344708 