test_prcauc: 0.6108616831273548
test_rocauc: 0.8056006098524346
test_loss: 0.46384991705417633
train_prcauc: 0.9594093971630742
train_rocauc: 0.9929291979568227
train_loss: 0.07561801286400519
val_prcauc: 0.5893085058670858
val_rocauc: 0.7677330870383127
val_loss: 0.41066786646842957