test_prcauc: 0.2963258288602356
test_rocauc: 0.6049559607450085
test_loss: 0.3155822616625441
train_prcauc: 0.678419750987392
train_rocauc: 0.9345491121601535
train_loss: 0.1357725406514259
val_prcauc: 0.35058758143588054
val_rocauc: 0.6548247411478517
val_loss: 0.3112415282484889