mae: 1.2985593094304204
rmse: 1.8920757042432559 