test_prcauc: 0.42315555420045464
test_rocauc: 0.7513565652867653
test_loss: 0.2052053237377211
train_prcauc: 0.5457240486947866
train_rocauc: 0.8644666771334065
train_loss: 0.1567623247739984
val_prcauc: 0.4022441936073635
val_rocauc: 0.7376069848857357
val_loss: 0.20509112747602684
