prcauc: 0.4273614890083347
rocauc: 0.7554779281008759
