test_prcauc: 0.7674224097849613
test_rocauc: 0.7539558337680403
test_loss: 1.2071590423583984
train_prcauc: 0.9710881794428657
train_rocauc: 0.9813584474885846
train_loss: 0.21684907298521
val_prcauc: 0.9300350575895163
val_rocauc: 0.7003663003663004
val_loss: 1.0062459707260132