test_mae: 0.5095574181017886
test_rmse: 0.7020653276241845
test_loss: 0.49289572425205347
train_mae: 0.3313252666689588
train_rmse: 0.4426410103732625
train_loss: 0.4091125826040904
val_mae: 0.49695357731435036
val_rmse: 0.7058413677749197
val_loss: 0.49821203646236945