prcauc: 0.629041935973532
rocauc: 0.5755391318972607
