test_prcauc: 0.7369908751847037
test_rocauc: 0.7563901930099114
test_loss: 0.6802250742912292
train_prcauc: 0.8734328877668749
train_rocauc: 0.9239668949771689
train_loss: 0.38248967862827044
val_prcauc: 0.9426787265451821
val_rocauc: 0.7095238095238096
val_loss: 0.5826400518417358