test_prcauc: 0.2736576173313311
test_rocauc: 0.7475059409126886
test_loss: 0.33533791094174925
train_prcauc: 0.6195854684302596
train_rocauc: 0.920092983566748
train_loss: 0.12835897386643538
val_prcauc: 0.312975952111389
val_rocauc: 0.7780348479188374
val_loss: 0.2977409613020015
