test_prcauc: 0.9724236131279947
test_rocauc: 0.9293563579277865
test_loss: 0.2725559175014496
train_prcauc: 0.9912147117779826
train_rocauc: 0.9752797900262468
train_loss: 0.20651259401012245
val_prcauc: 0.9682891316987374
val_rocauc: 0.9147892923403127
val_loss: 0.3294924199581146