test_prcauc: 0.43760366308973137
test_rocauc: 0.842958499802703
test_loss: 0.11107671543955804
train_prcauc: 0.6014768765432952
train_rocauc: 0.9363790015040456
train_loss: 0.09174793637885324
val_prcauc: 0.42063444072771444
val_rocauc: 0.8219534837985725
val_loss: 0.12928567245602607