test_prcauc: 0.7452966028884309
test_rocauc: 0.8692463420567893
test_loss: 0.17745999097824097
train_prcauc: 0.92890319568282
train_rocauc: 0.9835921117480129
train_loss: 0.09488755678758025
val_prcauc: 1.0
val_rocauc: 1.0
val_loss: 0.0730767128057778
