test_prcauc: 0.4543570508749596
test_rocauc: 0.847831582322186
test_loss: 0.11380017906427384
train_prcauc: 0.6581885676511063
train_rocauc: 0.9544762909724769
train_loss: 0.08659565146030594
val_prcauc: 0.4594281895750238
val_rocauc: 0.8125845933158266
val_loss: 0.132812729626894