test_prcauc: 0.21461930792006853
test_rocauc: 0.7828675717955156
test_loss: 0.12374773709213033
train_prcauc: 0.5725958001604451
train_rocauc: 0.9148570896484866
train_loss: 0.10278479918491741
val_prcauc: 0.33693913416395493
val_rocauc: 0.8412361601019008
val_loss: 0.07402037642896175