prcauc: 0.13624013284461872
rocauc: 0.7615191486896232 