prcauc: 0.21258670687996264
rocauc: 0.7502558952471078
