test_prcauc: 0.440429585319
test_rocauc: 0.7557092407841534
test_loss: 0.20984426643266235
train_prcauc: 0.6323384996982474
train_rocauc: 0.9051742246618786
train_loss: 0.13324726343303178
val_prcauc: 0.42070027778660485
val_rocauc: 0.7370840040200206
val_loss: 0.21169569897790289
