test_prcauc: 0.6216035150197052
test_rocauc: 0.5839138472233248
test_loss: 0.5905403971672059
train_prcauc: 0.8455062162466475
train_rocauc: 0.8876089590116791
train_loss: 0.3283966581026713
val_prcauc: 0.6871251319359212
val_rocauc: 0.6498306898873053
val_loss: 0.5233879089355469
