test_mae: 0.9327905893919215
test_rmse: 1.2005642342015126
test_loss: 1.4413544804438643
train_mae: 0.4518347898345941
train_rmse: 0.6043224817178381
train_loss: 0.6644114702939987
val_mae: 0.8439878255593037
val_rmse: 1.0303729640568922
val_loss: 1.0616684450593856