test_prcauc: 0.08187424555273964
test_rocauc: 0.7047145621497736
test_loss: 0.018721509945567268
train_prcauc: 0.46403395723825785
train_rocauc: 0.9803333055369502
train_loss: 0.0066212222139070045
val_prcauc: 0.14655460201871154
val_rocauc: 0.7252276270401667
val_loss: 0.01667007139011382
