test_prcauc: 0.6234026359931809
test_rocauc: 0.6089577700984073
test_loss: 0.6258002519607544
train_prcauc: 0.855112441552154
train_rocauc: 0.8973589066062798
train_loss: 0.36284844469660077
val_prcauc: 0.695296056965683
val_rocauc: 0.6321507308020499
val_loss: 0.5717638731002808