test_prcauc: 0.7080174621199393
test_rocauc: 0.9324198961499492
test_loss: 0.3143233429407701
train_prcauc: 0.8865622091663602
train_rocauc: 0.9734116330658839
train_loss: 0.1179690534248948
val_prcauc: 0.8174184420598256
val_rocauc: 0.9315418939453828
val_loss: 0.13615226447582246
