test_mae: 0.5110533237457275
test_rmse: 0.721435010433197
test_loss: 0.5110533588698932
train_mae: 0.14512114226818085
train_rmse: 0.21534979343414307
train_loss: 0.14512115131531442
val_mae: 0.5138243436813354
val_rmse: 0.703834056854248
val_loss: 0.5138243330376489
