test_prcauc: 0.7862370913864798
test_rocauc: 0.9078916540020263
test_loss: 0.1416464754845947
train_prcauc: 0.9384645786327213
train_rocauc: 0.9869387670528511
train_loss: 0.07788324064264694
val_prcauc: 0.7808426685035013
val_rocauc: 0.9420034072462331
val_loss: 0.1609454981982708
