test_prcauc: 0.7353973497676569
test_rocauc: 0.6613618827160493
test_loss: 1.4544408789702825
train_prcauc: 0.9826240687417985
train_rocauc: 0.9227412888440327
train_loss: 0.43626347617669536
val_prcauc: 0.9510560314933448
val_rocauc: 0.9659464303494971
val_loss: 0.2655603454581329
