prcauc: 0.7071226779588782
rocauc: 0.6577932098765431 