test_prcauc: 0.06109878711656699
test_rocauc: 0.750414409819502
test_loss: 0.013569480256513977
train_prcauc: 0.44468445193035944
train_rocauc: 0.9695509777934386
train_loss: 0.00861925701201456
val_prcauc: 0.07412150936909216
val_rocauc: 0.8152425389286823
val_loss: 0.014839942090461116