test_prcauc: 0.6545097330547871
test_rocauc: 0.6281620511569508
test_OGBNanLabelloss: 0.7043248348765903
train_prcauc: 0.9420627686701007
train_rocauc: 0.9681985070548776
train_OGBNanLabelloss: 0.19114644549511098
val_prcauc: 0.6451698059980693
val_rocauc: 0.6454140558060286
val_OGBNanLabelloss: 0.7034876743952433
