prcauc: 0.494934777443412
rocauc: 0.8667197034454157 