test_prcauc: 0.4829414101779955
test_rocauc: 0.878168877002632
test_loss: 0.10578312571434413
train_prcauc: 0.6530236141535976
train_rocauc: 0.9496591529447179
train_loss: 0.08981491605881857
val_prcauc: 0.43823852593607965
val_rocauc: 0.83846312417741
val_loss: 0.12997735467027216