mae: 0.8044264912605286
rmse: 1.101971983909607
