test_prcauc: 0.753189048901806
test_rocauc: 0.757433489827856
test_loss: 1.2403992414474487
train_prcauc: 0.9817278602872943
train_rocauc: 0.9881335616438357
train_loss: 0.2601790700140054
val_prcauc: 0.9368613095588492
val_rocauc: 0.7124542124542125
val_loss: 1.2742345333099365