test_prcauc: 0.32911202839183584
test_rocauc: 0.6311267240413775
test_loss: 0.3743359438469299
train_prcauc: 0.6548568252470934
train_rocauc: 0.924716230180853
train_loss: 0.1421509305178883
val_prcauc: 0.36589131700217054
val_rocauc: 0.6608360770019851
val_loss: 0.3117175874852267