prcauc: 0.6253623665710877
rocauc: 0.5657677692650529
