test_prcauc: 0.19089337549568516
test_rocauc: 0.7262674057050156
test_loss: 0.1255960670464179
train_prcauc: 0.39618984335441515
train_rocauc: 0.8336418418724854
train_loss: 0.1256010738378207
val_prcauc: 0.3555663210441887
val_rocauc: 0.8341539290613366
val_loss: 0.08007677929366336