test_mae: 0.5549984531274864
test_rmse: 0.7139913289556957
test_loss: 0.517930595747344
train_mae: 0.3183831770275371
train_rmse: 0.41072866094142685
train_loss: 0.24090446159243584
val_mae: 0.560458008776818
val_rmse: 0.7553998230196058
val_loss: 0.6097753627687168