test_prcauc: 0.6185121553962167
test_rocauc: 0.5780560877797958
test_loss: 49.32796058654785
train_prcauc: 0.8612214903894432
train_rocauc: 0.9036017395141078
train_loss: 0.31287312921550536
val_prcauc: 0.6332130598006123
val_rocauc: 0.583945209448109
val_loss: 25.931513500213622
