test_prcauc: 0.6881507620197092
test_rocauc: 0.6538171169441898
test_loss: 0.5645720703261239
train_prcauc: 0.8692322627087037
train_rocauc: 0.9073430631375816
train_loss: 0.2993301507085562
val_prcauc: 0.6626931277809381
val_rocauc: 0.6550762709348136
val_loss: 0.5882944294384548
