prcauc: 0.6420229018071638
rocauc: 0.5984216156699342 