test_prcauc: 0.6416214814142165
test_rocauc: 0.5991219681598638
test_loss: 0.5804741084575653
train_prcauc: 0.8250465997495277
train_rocauc: 0.873791871396954
train_loss: 0.3868101344094699
val_prcauc: 0.6386583450760541
val_rocauc: 0.5768324298354923
val_loss: 0.5642566084861755