test_mae: 0.9360420107841492
test_rmse: 4.543972969055176
test_loss: 0.9360420107841492
train_mae: 0.14367209374904633
train_rmse: 0.18738222122192383
train_loss: 0.1436720934164311
val_mae: 0.7461232542991638
val_rmse: 0.940681517124176
val_loss: 0.7461232585566384
