test_prcauc: 0.09827298310818698
test_rocauc: 0.727681546324487
test_loss: 0.01531736433397322
train_prcauc: 0.11684010521288517
train_rocauc: 0.9013568145935313
train_loss: 0.011916542819010919
val_prcauc: 0.13169570495632107
val_rocauc: 0.783242648146371
val_loss: 0.013483394265691858