test_prcauc: 0.6201766703723933
test_rocauc: 0.5545074015130232
test_loss: 0.5253567695617676
train_prcauc: 0.7334238472572829
train_rocauc: 0.7550022982415775
train_loss: 0.46361920489220754
val_prcauc: 0.6437442800858959
val_rocauc: 0.6072347199313067
val_loss: 0.501897931098938