prcauc: 0.7118383933598189
rocauc: 0.6801697530864199
