test_prcauc: 0.6316861875838412
test_rocauc: 0.6195559812360566
test_loss: 0.5071507096290588
train_prcauc: 0.7734679679038456
train_rocauc: 0.8086741840783619
train_loss: 0.4279473150585118
val_prcauc: 0.6721829355883754
val_rocauc: 0.62690218062808
val_loss: 0.4990689754486084