prcauc: 0.625136824736055
rocauc: 0.6010220297838009 