test_prcauc: 0.1331969567044005
test_rocauc: 0.7563761834288348
test_loss: 0.01633719439189499
train_prcauc: 0.3458563073599641
train_rocauc: 0.960172496626983
train_loss: 0.00766490822065739
val_prcauc: 0.18398788184840903
val_rocauc: 0.771603246699482
val_loss: 0.014808813875022276
