mae: 0.6638005375862122
rmse: 0.8634508848190308
