test_mae: 1.8599216938018799
test_rmse: 2.333009958267212
test_loss: 1.681627591451009
train_mae: 0.6425260305404663
train_rmse: 0.8931530117988586
train_loss: 0.6816699107487997
val_mae: 2.06644344329834
val_rmse: 3.327887773513794
val_loss: 2.1068763732910156
