test_prcauc: 0.9620552165240108
test_rocauc: 0.8915416533673796
test_loss: 0.4755054874853654
train_prcauc: 0.9997251015595472
train_rocauc: 0.999088013502845
train_loss: 0.0368513580566893
val_prcauc: 0.976076348146876
val_rocauc: 0.9405659842341065
val_loss: 0.3146686769005927
