prcauc: 0.9760325967830596
rocauc: 0.919374401532078
