test_mae: 0.749769389629364
test_rmse: 1.2428398132324219
test_loss: 0.7431520074605942
train_mae: 0.3250552713871002
train_rmse: 0.4866425693035126
train_loss: 0.33741520681688864
val_mae: 0.6554080247879028
val_rmse: 0.9115530848503113
val_loss: 0.6465772390365601
