test_prcauc: 0.21772423924845788
test_rocauc: 0.7243440519130576
test_loss: 0.10082214539961039
train_prcauc: 0.37101035765868473
train_rocauc: 0.8312698392685062
train_loss: 0.12273450886229208
val_prcauc: 0.2955046356930744
val_rocauc: 0.7465284280472495
val_loss: 0.11614386709316553
