prcauc: 0.35379120813429865
rocauc: 0.6650801873979787
