test_prcauc: 0.3588356916016097
test_rocauc: 0.666295875128124
test_OGBNanLabelloss: 0.31487302995961286
train_prcauc: 0.5984835663364652
train_rocauc: 0.8878823836987851
train_OGBNanLabelloss: 0.13480493517421738
val_prcauc: 0.4282647336782784
val_rocauc: 0.7117067789330591
val_OGBNanLabelloss: 0.2502045138128873
