test_prcauc: 0.34989388666015103
test_rocauc: 0.6648429710593132
test_loss: 0.31312861380188967
train_prcauc: 0.5774466787748134
train_rocauc: 0.8816789591352016
train_loss: 0.13470998172884557
val_prcauc: 0.38052215098231773
val_rocauc: 0.6888815748983486
val_loss: 0.2691477450520493
