test_prcauc: 0.6978538862496884
test_rocauc: 0.658468364197531
test_loss: 3.351341962814331
train_prcauc: 0.9999984074353658
train_rocauc: 0.999991583908433
train_loss: 0.07544663823165962
val_prcauc: 0.8915998053582108
val_rocauc: 0.9257251831777576
val_loss: 1.191453218460083