prcauc: 0.27681182592038955
rocauc: 0.7493231319096404
