test_prcauc: 0.26607185165499686
test_rocauc: 0.7380288382056822
test_OGBNanLabelloss: 0.31969465779246026
train_prcauc: 0.5327414970242306
train_rocauc: 0.8988196102571303
train_OGBNanLabelloss: 0.13742299169112163
val_prcauc: 0.29176637964113344
val_rocauc: 0.7769486567822662
val_OGBNanLabelloss: 0.29638111338300527
