test_mae: 0.4951978921890259
test_rmse: 0.6400947570800781
test_loss: 0.48896624147892
train_mae: 0.376308798789978
train_rmse: 0.5128604769706726
train_loss: 0.3707825193802516
val_mae: 0.49160531163215637
val_rmse: 0.6888810396194458
val_loss: 0.5009637077649435
