prcauc: 0.3712556102853338
rocauc: 0.6688035982047081
