test_prcauc: 0.3421364066036951
test_rocauc: 0.761071090596574
test_loss: 0.11554289197522229
train_prcauc: 0.5756554127266694
train_rocauc: 0.920990181823923
train_loss: 0.1048715822627885
val_prcauc: 0.39402538258719894
val_rocauc: 0.8315298598863412
val_loss: 0.07321093482491763
