test_prcauc: 0.693798424321
test_rocauc: 0.8507454905640705
test_loss: 0.20127553939819337
train_prcauc: 0.90256110181349
train_rocauc: 0.9767087720317098
train_loss: 0.10188012951985001
val_prcauc: 0.9999757187257187
val_rocauc: 0.9993006993006993
val_loss: 0.05572129786014557
