test_prcauc: 0.32885383028653475
test_rocauc: 0.6281553946888322
test_loss: 0.37856196823487864
train_prcauc: 0.6900627590255207
train_rocauc: 0.9372506298165831
train_loss: 0.13696359941995512
val_prcauc: 0.37472439919222306
val_rocauc: 0.668124355490847
val_loss: 0.2976080556159642