test_prcauc: 0.05038732436568708
test_rocauc: 0.7381628600975548
test_loss: 0.015923647729723114
train_prcauc: 0.09228825521020063
train_rocauc: 0.8896664356442964
train_loss: 0.011945781862062414
val_prcauc: 0.09090188945995024
val_rocauc: 0.7549569855677354
val_loss: 0.015000245440092872