prcauc: 0.7017253607056145
rocauc: 0.8564565738713378
