test_mae: 2.19985294342041
test_rmse: 2.7883572578430176
test_loss: 2.373787800470988
train_mae: 0.8022336363792419
train_rmse: 1.0824142694473267
train_loss: 0.8197052876154581
val_mae: 2.415987968444824
val_rmse: 3.4444897174835205
val_loss: 2.1435747941335044
