test_mae: 0.4487769901752472
test_rmse: 0.6362265348434448
test_loss: 0.4327522311359644
train_mae: 0.25928065180778503
train_rmse: 0.36984652280807495
train_loss: 0.2591513434182043
val_mae: 0.46808961033821106
val_rmse: 0.6810154914855957
val_loss: 0.47104576230049133
