test_mae: 0.48400099999138285
test_rmse: 0.6444282206166599
test_loss: 0.42767655728946896
train_mae: 0.30419759312961375
train_rmse: 0.38911109703283225
train_loss: 0.20023082196712494
val_mae: 0.47734984086903315
val_rmse: 0.6667106192041756
val_loss: 0.46287711994984626