prcauc: 0.31198109119830275
rocauc: 0.7261993093451394 