test_prcauc: 0.31903235661326484
test_rocauc: 0.7274750246794176
test_loss: 0.35501497027834344
train_prcauc: 0.8153213138336901
train_rocauc: 0.9694080084690121
train_loss: 0.10780371693509189
val_prcauc: 0.3399232470547116
val_rocauc: 0.7465609238598864
val_loss: 0.329270689849289