test_prcauc: 0.8412031294512088
test_rocauc: 0.7281578405110242
test_loss: 1.5718504190444946
train_prcauc: 0.982854741526449
train_rocauc: 0.9844773388611525
train_loss: 0.2074131865184692
val_prcauc: 0.5210366958834926
val_rocauc: 0.885003885003885
val_loss: 0.7749803960323334