prcauc: 0.8687555466347522
rocauc: 0.7399031526890584 