test_mae: 0.6236217021942139
test_rmse: 0.8213138580322266
test_loss: 0.6236217021942139
train_mae: 0.26821261644363403
train_rmse: 0.3698539435863495
train_loss: 0.26821261963674
val_mae: 0.6142640709877014
val_rmse: 0.7737393975257874
val_loss: 0.6142640944038119
