test_prcauc: 0.9551650425766086
test_rocauc: 0.8994391025641025
test_loss: 0.4347595726805074
train_prcauc: 0.9984003504336945
train_rocauc: 0.9945965923790516
train_loss: 0.09383816876244254
val_prcauc: 0.968952543454765
val_rocauc: 0.925994196961939
val_loss: 0.3618227168917656
