test_mae: 1.1197491884231567
test_rmse: 1.7865471839904785
test_loss: 1.097898855805397
train_mae: 0.795113205909729
train_rmse: 1.043735384941101
train_loss: 0.7861663583786257
val_mae: 0.9860798120498657
val_rmse: 1.3240500688552856
val_loss: 0.9842961430549622
