test_prcauc: 0.29096317624253126
test_rocauc: 0.7414977576508966
test_loss: 0.2719822034791664
train_prcauc: 0.4307820947089414
train_rocauc: 0.8705240403258041
train_loss: 0.17418968820115596
val_prcauc: 0.37256699568227886
val_rocauc: 0.7854421529370007
val_loss: 0.24823485825348784
