test_mae: 1.505104899406433
test_rmse: 1.9934821128845215
test_loss: 1.4692916870117188
train_mae: 0.34786316752433777
train_rmse: 0.7028883695602417
train_loss: 0.3476366221904755
val_mae: 0.7529012560844421
val_rmse: 1.0300461053848267
val_loss: 0.7272137006123861
