test_prcauc: 0.3523332117901463
test_rocauc: 0.6689710142930355
test_loss: 0.31259206457193506
train_prcauc: 0.6147536503518688
train_rocauc: 0.9016895512592072
train_loss: 0.1278787622626741
val_prcauc: 0.37844925874466046
val_rocauc: 0.6892058261671681
val_loss: 0.26494522843250007
