prcauc: 0.812869795108922
rocauc: 0.803338549817423 