test_prcauc: 0.7651937343448552
test_rocauc: 0.7497826464962615
test_loss: 1.4244575500488281
train_prcauc: 0.9984986436780541
train_rocauc: 0.9989069634703196
train_loss: 0.10965573212582617
val_prcauc: 0.9541707353181612
val_rocauc: 0.7637362637362637
val_loss: 0.9359140992164612