test_mae: 2.5390570163726807
test_rmse: 3.706167221069336
test_loss: 2.5366528034210205
train_mae: 0.19941285252571106
train_rmse: 0.3689042329788208
train_loss: 0.19829149028429618
val_mae: 0.9324007630348206
val_rmse: 1.1872483491897583
val_loss: 0.8551506698131561
