test_prcauc: 0.6504596662879758
test_rocauc: 0.7834229390681005
test_loss: 0.8536248776045713
train_prcauc: 0.9954148050967586
train_rocauc: 0.9810994987386561
train_loss: 0.1462524430050204
val_prcauc: 0.9991253295589584
val_rocauc: 0.9926099706744868
val_loss: 0.10705642198974435
