test_mae: 1.3311439584539488
test_rmse: 1.9001237661553572
test_loss: 3.6104703267084193
train_mae: 0.46117144006506267
train_rmse: 0.6084553307870684
train_loss: 0.541744589805603
val_mae: 0.9381809861526677
val_rmse: 1.2034531030110882
val_loss: 1.4482993711470171