test_prcauc: 0.6444371017770785
test_rocauc: 0.7659050179211471
test_loss: 1.255312740802765
train_prcauc: 0.9926504890182271
train_rocauc: 0.9706528903829675
train_loss: 0.1885297950889435
val_prcauc: 0.9897475220550617
val_rocauc: 0.9335109335109336
val_loss: 0.35309506952762604