prcauc: 0.9686357318930794
rocauc: 0.91287284144427 