test_prcauc: 0.9736781060158788
test_rocauc: 0.9225536368393512
test_loss: 0.5205057263374329
train_prcauc: 0.999654030753939
train_rocauc: 0.9988661417322835
train_loss: 0.10907113484765836
val_prcauc: 0.9730121479648843
val_rocauc: 0.9245958123509145
val_loss: 0.44377365708351135