test_prcauc: 0.10361702236636453
test_rocauc: 0.7101785912256097
test_loss: 0.015924452562012595
train_prcauc: 0.13794276197764982
train_rocauc: 0.9108964341214244
train_loss: 0.009675255312574836
val_prcauc: 0.0770152420151811
val_rocauc: 0.7917769805147422
val_loss: 0.01602164139834663
