test_mae: 1.0419073104858398
test_rmse: 1.587737798690796
test_loss: 1.0299514532089233
train_mae: 0.5390333533287048
train_rmse: 0.7243364453315735
train_loss: 0.534889514407804
val_mae: 0.7808195352554321
val_rmse: 1.080630898475647
val_loss: 0.7789904177188873
