test_prcauc: 0.07205514362565262
test_rocauc: 0.7111431624844067
test_loss: 0.016109570472414094
train_prcauc: 0.1328782345838645
train_rocauc: 0.9073752407546314
train_loss: 0.011544780438709457
val_prcauc: 0.1357353033736024
val_rocauc: 0.8037498542254234
val_loss: 0.013859727850356583