mae: 0.6069468210541776
rmse: 0.7692474804562058 