test_prcauc: 0.6809922883720492
test_rocauc: 0.85658010367726
test_loss: 0.9419365674257278
train_prcauc: 0.81568530804895
train_rocauc: 0.9538100924571165
train_loss: 0.21138515951378004
val_prcauc: 0.9336910479143274
val_rocauc: 0.9848062896656247
val_loss: 0.16119674686342478
