test_mae: 0.6183194518089294
test_rmse: 0.7989262938499451
test_loss: 0.6183194071054459
train_mae: 0.06845744699239731
train_rmse: 0.2975279688835144
train_loss: 0.06845744802350444
val_mae: 0.6104912161827087
val_rmse: 0.7652734518051147
val_loss: 0.6104911991528102
