test_prcauc: 0.7016147173484365
test_rocauc: 0.6925752043122935
test_loss: 0.9623103737831116
train_prcauc: 0.695503247995676
train_rocauc: 0.7765639269406391
train_loss: 0.6001382366389351
val_prcauc: 0.930349947821385
val_rocauc: 0.6637362637362637
val_loss: 1.3027840852737427