prcauc: 0.7358087560534065
rocauc: 0.9009502279599245 