test_prcauc: 0.7103773442269914
test_rocauc: 0.8839830902076758
test_loss: 0.20001056790351868
train_prcauc: 0.88443089963905
train_rocauc: 0.9717211246372255
train_loss: 0.1229711066422334
val_prcauc: 0.6085271376122215
val_rocauc: 0.7800802139037433
val_loss: 0.30806034803390503