test_prcauc: 0.6854521326704084
test_rocauc: 0.7978942652329749
test_loss: 0.7629207047549161
train_prcauc: 0.9945883713398092
train_rocauc: 0.9770746650067161
train_loss: 0.16695200473380586
val_prcauc: 0.9988161713989869
val_rocauc: 0.9901466275659824
val_loss: 0.14814629676667126
