prcauc: 0.6855982577835865
rocauc: 0.7991487455197133
