test_mae: 0.7043482427086148
test_rmse: 0.8852620943967132
test_loss: 0.7660058080525074
train_mae: 0.21361561344670402
train_rmse: 0.27472350777932814
train_loss: 0.14176681424890245
val_mae: 0.7630755789407662
val_rmse: 0.9517847155990306
val_loss: 0.9124552824802564