test_prcauc: 0.7580260510389187
test_rocauc: 0.7102623456790123
test_loss: 1.3241963386535645
train_prcauc: 0.9943055307940724
train_rocauc: 0.9766116815350951
train_loss: 0.1526540463872772
val_prcauc: 0.9297550276033015
val_rocauc: 0.9434909163906453
val_loss: 0.41896581649780273