test_mae: 0.8021498322486877
test_rmse: 1.0628458261489868
test_loss: 0.8015237301588058
train_mae: 0.8421552181243896
train_rmse: 1.101250171661377
train_loss: 0.8404546706907211
val_mae: 0.9194746613502502
val_rmse: 1.3303683996200562
val_loss: 0.908180445432663
