prcauc: 0.7794595531581893
rocauc: 0.8535840892503388
