prcauc: 0.3299425922556624
rocauc: 0.6378075367472675 