test_prcauc: 0.38600510519377756
test_rocauc: 0.7182588283417851
test_loss: 0.2059694047010853
train_prcauc: 0.5320351618377869
train_rocauc: 0.8665931831609589
train_loss: 0.1826382162128303
val_prcauc: 0.3785634316794348
val_rocauc: 0.7225550042737967
val_loss: 0.193116200058668