prcauc: 0.38636529558727384
rocauc: 0.7204885145302794 