test_prcauc: 0.7350434248135237
test_rocauc: 0.7921594982078852
test_loss: 0.986818790435791
train_prcauc: 0.9846931813371289
train_rocauc: 0.951343022872586
train_loss: 0.23508737126343102
val_prcauc: 0.9962897281034653
val_rocauc: 0.9699189699189701
val_loss: 0.2538261041045189