mae: 0.48968594838962665
rmse: 0.6579461496617871 