test_mae: 0.48086182513359993
test_rmse: 0.6473149465417533
test_loss: 0.4413483593742198
train_mae: 0.31501313155149524
train_rmse: 0.40338616649229087
train_loss: 0.214682187885046
val_mae: 0.4700472001248882
val_rmse: 0.6634614575015806
val_loss: 0.46625361158092665