mae: 1.0291248559951782
rmse: 1.3569449186325073
