test_mae: 0.5755752325057983
test_rmse: 0.9105153679847717
test_loss: 0.5654331684112549
train_mae: 0.272345632314682
train_rmse: 0.44390344619750977
train_loss: 0.27259937731119305
val_mae: 0.5976678133010864
val_rmse: 0.916885256767273
val_loss: 0.6137028872966767
