test_mae: 0.646896243095398
test_rmse: 1.0081428289413452
test_loss: 0.6421013593673706
train_mae: 0.4080437421798706
train_rmse: 0.6479965448379517
train_loss: 0.4079911273259383
val_mae: 0.7724530696868896
val_rmse: 1.1589999198913574
val_loss: 0.8182771682739258
