test_prcauc: 0.66642502093043
test_rocauc: 0.6260609567901234
test_loss: 0.7348427772521973
train_prcauc: 0.9188302837529096
train_rocauc: 0.7290691802726812
train_loss: 0.5491205563664123
val_prcauc: 0.8592904115949055
val_rocauc: 0.9013349392753186
val_loss: 0.5565811395645142