test_prcauc: 0.3158406044503975
test_rocauc: 0.7153651864026659
test_loss: 0.26974191935984676
train_prcauc: 0.6803956467876162
train_rocauc: 0.9388971377122971
train_loss: 0.1503947254380101
val_prcauc: 0.3425170329273272
val_rocauc: 0.758330270467079
val_loss: 0.29732845543977354