prcauc: 0.3305166499013828
rocauc: 0.7052358904296364 