test_mae: 0.573255710577681
test_rmse: 0.730047017719367
test_loss: 0.5368508011854635
train_mae: 0.3234374658065487
train_rmse: 0.4189111709048867
train_loss: 0.22316719343264899
val_mae: 0.5693667224059029
val_rmse: 0.7556770735607183
val_loss: 0.6088238333003955