prcauc: 0.2707059535182585
rocauc: 0.7581374688580312
