test_prcauc: 0.33490819330692473
test_rocauc: 0.7617855899788211
test_loss: 0.27883563172072173
train_prcauc: 0.6373905927399749
train_rocauc: 0.9180403740121988
train_loss: 0.13977486499753156
val_prcauc: 0.36458640106392587
val_rocauc: 0.7868533822225915
val_loss: 0.25768689531832933
