prcauc: 0.3431084401590619
rocauc: 0.7566309240336775
