test_mae: 1.1279206275939941
test_rmse: 4.032235145568848
test_loss: 1.0998838543891907
train_mae: 0.3340001404285431
train_rmse: 0.42771244049072266
train_loss: 0.3548456060309564
val_mae: 0.761854887008667
val_rmse: 1.0726176500320435
val_loss: 0.7595183700323105
