test_prcauc: 0.5628967946753983
test_rocauc: 0.7314452497213161
test_loss: 0.27458640933036804
train_prcauc: 0.7916699663575215
train_rocauc: 0.9396753959257753
train_loss: 0.21666776665191728
val_prcauc: 0.6110089532786338
val_rocauc: 0.7595475750686749
val_loss: 0.30450019240379333