test_prcauc: 0.673111683396729
test_rocauc: 0.650173611111111
test_loss: 1.2295081530298506
train_prcauc: 0.9972740517907909
train_rocauc: 0.9859511874160111
train_loss: 0.1128749773583629
val_prcauc: 0.9633543223587964
val_rocauc: 0.975206611570248
val_loss: 0.2189971155353955
