test_prcauc: 0.6169135054141298
test_rocauc: 0.8204636290967227
test_loss: 0.34349935576319696
train_prcauc: 0.9997413371447683
train_rocauc: 0.9999646451487337
train_loss: 0.006907037588825915
val_prcauc: 0.9999517723655654
val_rocauc: 0.9986013986013986
val_loss: 0.029730844497680663
