test_prcauc: 0.4332439519624629
test_rocauc: 0.8518903845254343
test_loss: 0.1917903475739338
train_prcauc: 0.46725371303678026
train_rocauc: 0.8740065259299482
train_loss: 0.18618957500494837
val_prcauc: 0.48245106564835977
val_rocauc: 0.8680207852862019
val_loss: 0.1981544800930553
