test_mae: 0.7272621989250183
test_rmse: 0.9075748920440674
test_loss: 0.7272621861525944
train_mae: 0.6420049071311951
train_rmse: 0.8405078053474426
train_loss: 0.642004923096725
val_mae: 0.7649195790290833
val_rmse: 0.9444764256477356
val_loss: 0.7649195747716087
