test_mae: 1.4617281816527248
test_rmse: 2.112012091176949
test_loss: 4.460595073277629
train_mae: 0.4891259953169673
train_rmse: 0.6380494816055763
train_loss: 0.7041769921779633
val_mae: 2.110408641397953
val_rmse: 3.335895104981913
val_loss: 11.128196151442289