test_mae: 2.410445213317871
test_rmse: 3.2670092582702637
test_loss: 2.724764267603556
train_mae: 0.5056858062744141
train_rmse: 1.2271028757095337
train_loss: 0.5010747743977441
val_mae: 2.0494937896728516
val_rmse: 2.675058603286743
val_loss: 1.8573732773462932
