test_mae: 0.7343953918658551
test_rmse: 0.9273586234013852
test_loss: 0.8361764683630943
train_mae: 0.556525991067246
train_rmse: 0.7043159029624773
train_loss: 0.6391990738255637
val_mae: 0.7590907883757637
val_rmse: 0.9468185562757047
val_loss: 0.8931357206703667