test_prcauc: 0.628806842808281
test_rocauc: 0.5975937783146578
test_loss: 0.5087552070617676
train_prcauc: 0.7636527166821608
train_rocauc: 0.7990949465168447
train_loss: 0.4408920032072506
val_prcauc: 0.6822644948428356
val_rocauc: 0.6451480641404013
val_loss: 0.47737348079681396