prcauc: 0.6287930385480519
rocauc: 0.5978860557158938 