test_prcauc: 0.6620670763068586
test_rocauc: 0.6405285692950008
test_loss: 0.5903255277209811
train_prcauc: 0.8985166951819907
train_rocauc: 0.9326843322743831
train_loss: 0.2661790720842503
val_prcauc: 0.6543704360607369
val_rocauc: 0.657350576777334
val_loss: 0.5859358112017313
