test_prcauc: 0.41785252018766855
test_rocauc: 0.7460981077864458
test_loss: 0.2021356019480475
train_prcauc: 0.6204792735287451
train_rocauc: 0.9006319164453519
train_loss: 0.13590738077669642
val_prcauc: 0.41419150815189315
val_rocauc: 0.7381985975879906
val_loss: 0.20520095668476204
