test_prcauc: 0.6226014177967601
test_rocauc: 0.6166557871447431
test_loss: 0.60706427693367
train_prcauc: 0.7540834789847212
train_rocauc: 0.7902859441754398
train_loss: 0.44249283535600614
val_prcauc: 0.6855579446923242
val_rocauc: 0.6406695298150419
val_loss: 0.4975232034921646