mae: 0.6798680424690247
rmse: 0.8808586001396179
