test_prcauc: 0.6833611638173311
test_rocauc: 0.6839313271604939
test_loss: 1.8173966237476893
train_prcauc: 0.9999304724851645
train_rocauc: 0.9996347699050402
train_loss: 0.023595469453456728
val_prcauc: 0.9516999112194267
val_rocauc: 0.9704271631982475
val_loss: 0.3751610091754368
