test_prcauc: 0.6301675633154944
test_rocauc: 0.5862290530418184
test_loss: 0.7035769820213318
train_prcauc: 0.9104518612334409
train_rocauc: 0.9465234622706533
train_loss: 0.23215912696388033
val_prcauc: 0.6732808776381907
val_rocauc: 0.6367325302284557
val_loss: 0.6245462656021118
