test_prcauc: 0.07904719806876578
test_rocauc: 0.8067890654333183
test_loss: 0.012576448991660407
train_prcauc: 0.23494227799117642
train_rocauc: 0.9196555137254263
train_loss: 0.011132383102221657
val_prcauc: 0.06526974112886513
val_rocauc: 0.7592651492216802
val_loss: 0.014690142059725986