test_prcauc: 0.41101984244021894
test_rocauc: 0.8097105055060412
test_loss: 0.14389974539252845
train_prcauc: 0.8244029216472001
train_rocauc: 0.9865011600565576
train_loss: 0.06533174057527472
val_prcauc: 0.4021569325724078
val_rocauc: 0.8131414062926361
val_loss: 0.14790993522513995