test_mae: 0.522230327129364
test_rmse: 0.814613938331604
test_loss: 0.4931168481707573
train_mae: 0.23543456196784973
train_rmse: 0.3749786615371704
train_loss: 0.23544384737809498
val_mae: 0.5481983423233032
val_rmse: 0.8132262825965881
val_loss: 0.5774384289979935
