test_prcauc: 0.626603099555936
test_rocauc: 0.5809473016133776
test_loss: 0.6127840876579285
train_prcauc: 0.8787638373288037
train_rocauc: 0.9131418585758937
train_loss: 0.3531628159570065
val_prcauc: 0.6799022324334956
val_rocauc: 0.6399062594779591
val_loss: 0.5402470827102661