test_prcauc: 0.09831926559670683
test_rocauc: 0.747572527002713
test_loss: 0.018235177469164754
train_prcauc: 0.5625447229289294
train_rocauc: 0.9859010903510557
train_loss: 0.006832694937203015
val_prcauc: 0.14227716455193612
val_rocauc: 0.7482710891654664
val_loss: 0.014904739481791437
