test_mae: 0.5741914807079094
test_rmse: 0.738983554402551
test_loss: 0.5336289858518904
train_mae: 0.36370955895344237
train_rmse: 0.4666857897890764
train_loss: 0.3036186099052429
val_mae: 0.5565071204473221
val_rmse: 0.7317032559996427
val_loss: 0.5284421790550775