test_prcauc: 0.6248378324975822
test_rocauc: 0.6173952509471213
test_loss: 0.5070961713790894
train_prcauc: 0.7379843536620329
train_rocauc: 0.7673508782594072
train_loss: 0.46268514659196047
val_prcauc: 0.6504223954299221
val_rocauc: 0.5907825448448105
val_loss: 0.4890586733818054