test_prcauc: 0.09867627048343962
test_rocauc: 0.7391260215619039
test_loss: 0.02061027064800051
train_prcauc: 0.8919330040796238
train_rocauc: 0.9993608488545227
train_loss: 0.001973984613414359
val_prcauc: 0.10861463586220993
val_rocauc: 0.7518745964097595
val_loss: 0.021663940376792624
