test_prcauc: 0.4034236961908072
test_rocauc: 0.7926459213166155
test_loss: 0.15410985120318152
train_prcauc: 0.8124371280095058
train_rocauc: 0.9860994855910821
train_loss: 0.0680506547976085
val_prcauc: 0.4044656482981936
val_rocauc: 0.8034129506573562
val_loss: 0.1546167852074811