test_prcauc: 0.14601468590910913
test_rocauc: 0.7154690985450741
test_loss: 0.019318087266107658
train_prcauc: 0.6747463271728156
train_rocauc: 0.9954669200970315
train_loss: 0.006616777616194672
val_prcauc: 0.18861872937465263
val_rocauc: 0.8175018946309975
val_loss: 0.015466012660356661