test_mae: 1.015220284461975
test_rmse: 1.3843458890914917
test_loss: 1.0116596668958664
train_mae: 1.0776522159576416
train_rmse: 1.372472882270813
train_loss: 1.0894436201741617
val_mae: 1.231793999671936
val_rmse: 1.6539262533187866
val_loss: 1.2213487923145294
