test_prcauc: 0.6240817541756953
test_rocauc: 0.8098636521629223
test_loss: 0.26941410452127457
train_prcauc: 0.9159389713162589
train_rocauc: 0.9839901712874899
train_loss: 0.11074277595442929
val_prcauc: 0.579636451972687
val_rocauc: 0.745217553492016
val_loss: 0.3086760342121124