test_mae: 0.803101658821106
test_rmse: 1.052365779876709
test_loss: 0.794769749045372
train_mae: 0.15076574683189392
train_rmse: 0.22304528951644897
train_loss: 0.14983527491921964
val_mae: 0.7180323004722595
val_rmse: 0.9229885339736938
val_loss: 0.7137119844555855
