test_prcauc: 0.679174995155954
test_rocauc: 0.607445987654321
test_loss: 2.9147523811885288
train_prcauc: 1.0
train_rocauc: 1.0
train_loss: 0.0004168329916534607
val_prcauc: 0.9246591486212569
val_rocauc: 0.9568853928109131
val_loss: 0.4826491948749338
