test_prcauc: 0.22892830495441477
test_rocauc: 0.7415651132698584
test_loss: 0.2156737801783225
train_prcauc: 0.9696375968278159
train_rocauc: 0.9978461002668428
train_loss: 0.04269186860303624
val_prcauc: 0.3320473649483771
val_rocauc: 0.8228033754654125
val_loss: 0.12969311984146342