test_prcauc: 0.7885036770139019
test_rocauc: 0.8022952529994783
test_loss: 1.3436946868896484
train_prcauc: 1.0
train_rocauc: 1.0
train_loss: 0.0390242012073874
val_prcauc: 0.9452678301261845
val_rocauc: 0.7271062271062272
val_loss: 2.2636196613311768