test_prcauc: 0.6151470569715807
test_rocauc: 0.5994435240272267
test_loss: 0.578296789101192
train_prcauc: 0.7333434214219507
train_rocauc: 0.7812804320502091
train_loss: 0.4382478194311261
val_prcauc: 0.658538138611618
val_rocauc: 0.5996294567245881
val_loss: 0.491199791431427
