test_prcauc: 0.9680238894940668
test_rocauc: 0.911224626068376
test_loss: 0.3438403771391937
train_prcauc: 0.9908245241339808
train_rocauc: 0.9853106404996859
train_loss: 0.12933611147469137
val_prcauc: 0.9752048721590243
val_rocauc: 0.9327188940092166
val_loss: 0.28334277575569494
