test_mae: 3.1641173362731934
test_rmse: 3.6544883251190186
test_loss: 2.883777697881063
train_mae: 1.299620270729065
train_rmse: 2.012012243270874
train_loss: 1.2669157253371344
val_mae: 2.5856494903564453
val_rmse: 4.137317657470703
val_loss: 2.3778560161590576
