test_prcauc: 0.28384835375411016
test_rocauc: 0.784676835199404
test_loss: 0.13817292436449366
train_prcauc: 0.7155357615863379
train_rocauc: 0.9626315893265639
train_loss: 0.07065287304087062
val_prcauc: 0.25105008203222146
val_rocauc: 0.7623521651364424
val_loss: 0.1659889676244083
