prcauc: 0.37340503034301165
rocauc: 0.7551398736960108 