test_prcauc: 0.3657066808093963
test_rocauc: 0.748509438863323
test_loss: 0.24262775252707897
train_prcauc: 0.6580130941327663
train_rocauc: 0.9297510443315947
train_loss: 0.14285534765120342
val_prcauc: 0.3731401346748438
val_rocauc: 0.7953460167165329
val_loss: 0.28284760571176526