test_prcauc: 0.23234245160369627
test_rocauc: 0.7656059580230197
test_loss: 0.11160421885098472
train_prcauc: 0.5101147406361798
train_rocauc: 0.8881341924287731
train_loss: 0.10789795555782715
val_prcauc: 0.21071830253838747
val_rocauc: 0.720543326040521
val_loss: 0.14775723980909045