test_mae: 1.610198736190796
test_rmse: 2.0687098503112793
test_loss: 1.6935168902079265
train_mae: 0.38623714447021484
train_rmse: 0.5758703351020813
train_loss: 0.38833953854110503
val_mae: 2.299074172973633
val_rmse: 2.9206998348236084
val_loss: 2.016803741455078
