test_prcauc: 0.5181333686364021
test_rocauc: 0.55517585931255
test_loss: 0.29923945665359497
train_prcauc: 0.7398892997550985
train_rocauc: 0.8855098998815489
train_loss: 0.27864416572620077
val_prcauc: 0.6708237294428093
val_rocauc: 0.8981581798483207
val_loss: 0.19899390637874603