test_prcauc: 0.476303549554996
test_rocauc: 0.8671276352649441
test_loss: 0.10943814388969365
train_prcauc: 0.6386386749601568
train_rocauc: 0.9455433618147863
train_loss: 0.08842101670009768
val_prcauc: 0.41576562887617724
val_rocauc: 0.8513972799687085
val_loss: 0.12787835168487885