test_prcauc: 0.631613990715623
test_rocauc: 0.6274112654320987
test_loss: 2.6487870727266585
train_prcauc: 0.9999978649304275
train_rocauc: 0.9999888479360318
train_loss: 0.021837969291531905
val_prcauc: 0.9251486889385345
val_rocauc: 0.9555909588768297
val_loss: 0.5341210205640111
