test_mae: 0.420543909072876
test_rmse: 0.5853080749511719
test_loss: 0.42054392326445805
train_mae: 0.18254734575748444
train_rmse: 0.25193533301353455
train_loss: 0.18254736575240993
val_mae: 0.4197068512439728
val_rmse: 0.5782417058944702
val_loss: 0.41970683563323247
