test_mae: 0.49235472083091736
test_rmse: 0.6691932678222656
test_loss: 0.49235476340566364
train_mae: 0.18644066154956818
train_rmse: 0.30342745780944824
train_loss: 0.186440680936283
val_mae: 0.5209359526634216
val_rmse: 0.7398793697357178
val_loss: 0.5209359611783709
