test_mae: 0.48287418484687805
test_rmse: 0.644607663154602
test_loss: 0.4828742103917258
train_mae: 0.199898362159729
train_rmse: 0.7727277278900146
train_loss: 0.19989836740554595
val_mae: 0.4917169511318207
val_rmse: 0.6836872696876526
val_loss: 0.4917169851916177
