test_prcauc: 0.6620279820180033
test_rocauc: 0.6355704742705575
test_OGBNanLabelloss: 0.5084150036176046
train_prcauc: 0.7462576002598775
train_rocauc: 0.7826307214650745
train_OGBNanLabelloss: 0.4524278011586931
val_prcauc: 0.6473883904315524
val_rocauc: 0.6434667172380917
val_OGBNanLabelloss: 0.5401319728957282
