prcauc: 0.6575020103861177
rocauc: 0.6464249100131916
