test_prcauc: 0.510606057238194
test_rocauc: 0.5463120807701665
test_loss: 0.4335382878780365
train_prcauc: 0.6418475965056967
train_rocauc: 0.8067588456451403
train_loss: 0.3919170947118612
val_prcauc: 0.5747153488686626
val_rocauc: 0.8562140910732461
val_loss: 0.34026020765304565