prcauc: 0.49663617662527104
rocauc: 0.45658299447398604 