test_prcauc: 0.8034872861348681
test_rocauc: 0.7934272300469484
test_loss: 0.773756206035614
train_prcauc: 0.9222693804967537
train_rocauc: 0.9517009132420092
train_loss: 0.32789020335984786
val_prcauc: 0.9350715247412495
val_rocauc: 0.7025641025641025
val_loss: 0.73328697681427