test_prcauc: 0.14012779942475154
test_rocauc: 0.6964058788311864
test_loss: 0.2655586803102515
train_prcauc: 0.6650833414118823
train_rocauc: 0.9599595378412992
train_loss: 0.09339775866722737
val_prcauc: 0.3294197911180455
val_rocauc: 0.8051483196159123
val_loss: 0.08025181786312412
