test_prcauc: 0.2504353345498911
test_rocauc: 0.6882925510342031
test_loss: 0.2611894605901055
train_prcauc: 0.9818391656487002
train_rocauc: 0.9988073418103572
train_loss: 0.014160775014003734
val_prcauc: 0.33868914691527935
val_rocauc: 0.8298029345483049
val_loss: 0.14121572876865027
