test_mae: 2.722736487966031
test_rmse: 3.5796349359878747
test_loss: 12.813786274944917
train_mae: 0.5628274036818521
train_rmse: 0.741415481883455
train_loss: 1.0105416178703308
val_mae: 2.91271919939667
val_rmse: 4.472228656396464
val_loss: 20.00082915509372