prcauc: 0.3537127061923142
rocauc: 0.736183894201365 