test_prcauc: 0.8479517721529322
test_rocauc: 0.7274881516587677
test_loss: 1.5484212040901184
train_prcauc: 0.9832789044684223
train_rocauc: 0.9841659124307807
train_loss: 0.2266802271775692
val_prcauc: 0.510230677753006
val_rocauc: 0.8828671328671329
val_loss: 1.020956575870514