test_prcauc: 0.6273030285789268
test_rocauc: 0.6052427995468198
test_loss: 0.6380198240280152
train_prcauc: 0.9056642083666039
train_rocauc: 0.9440124071003332
train_loss: 0.2478437643084261
val_prcauc: 0.6679745224242649
val_rocauc: 0.6302856830546956
val_loss: 0.5824579358100891
