test_prcauc: 0.7750015694463003
test_rocauc: 0.7819509650495566
test_loss: 0.6018022298812866
train_prcauc: 0.820556797434731
train_rocauc: 0.8885331050228311
train_loss: 0.4513747734798761
val_prcauc: 0.9400085524767714
val_rocauc: 0.7223443223443223
val_loss: 0.519741952419281