test_prcauc: 0.0998531915892574
test_rocauc: 0.7261390414905331
test_loss: 0.01669600984227103
train_prcauc: 0.40817669011088936
train_rocauc: 0.9770190230836961
train_loss: 0.008521480941494557
val_prcauc: 0.1870060039916732
val_rocauc: 0.8011802681963814
val_loss: 0.013662487195425638