test_mae: 0.5930088758454437
test_rmse: 0.7546919623757568
test_loss: 0.5654589822781293
train_mae: 0.2133889842142041
train_rmse: 0.2673840540169396
train_loss: 0.12867050298622676
val_mae: 0.5795802863183476
val_rmse: 0.7561417967985913
val_loss: 0.5655810085608659