test_prcauc: 0.9588707712830433
test_rocauc: 0.8957280661460725
test_loss: 0.6150370240211487
train_prcauc: 0.9998782735646414
train_rocauc: 0.9995998242949462
train_loss: 0.07493688742191829
val_prcauc: 0.9566369101559545
val_rocauc: 0.8991740874175786
val_loss: 0.6003122627735138