test_mae: 0.6279637373969668
test_rmse: 0.8017057930177871
test_loss: 0.6299856407043067
train_mae: 0.3814271608669133
train_rmse: 0.47674799894779546
train_loss: 0.32534233800002504
val_mae: 0.6594797398476373
val_rmse: 0.8392155712746282
val_loss: 0.7073810470148173