mae: 0.6377588728162504
rmse: 0.8039069919566271 