prcauc: 0.7890747216087898
rocauc: 0.8584438549955792 