test_prcauc: 0.7724751710801705
test_rocauc: 0.8459770114942529
test_loss: 0.6896241903305054
train_prcauc: 0.9818465896541748
train_rocauc: 0.9853970073786636
train_loss: 0.21971483494129693
val_prcauc: 0.8371670937396661
val_rocauc: 0.846829054202326
val_loss: 0.6569855809211731