test_prcauc: 0.7153553482496757
test_rocauc: 0.7449139280125195
test_loss: 1.0053884983062744
train_prcauc: 0.999504448453093
train_rocauc: 0.9996775114155252
train_loss: 0.14202427202235962
val_prcauc: 0.9489961631396935
val_rocauc: 0.716849816849817
val_loss: 0.7916715145111084