test_prcauc: 0.6939706505984568
test_rocauc: 0.6420717592592593
test_loss: 1.430223788533892
train_prcauc: 0.998136143525052
train_rocauc: 0.9903492826434852
train_loss: 0.09501372040672736
val_prcauc: 0.9680935362120369
val_rocauc: 0.9778950512794982
val_loss: 0.21134919513549125
