test_prcauc: 0.377633665505984
test_rocauc: 0.7904591236393701
test_loss: 0.2601802595563905
train_prcauc: 0.9932067564828556
train_rocauc: 0.9998103505860045
train_loss: 0.0069965725688986135
val_prcauc: 0.38112888851969245
val_rocauc: 0.8490593833518023
val_loss: 0.22480669248732738
