test_prcauc: 0.38749783795447906
test_rocauc: 0.7187107551000296
test_loss: 0.21461390093975272
train_prcauc: 0.5394852140268996
train_rocauc: 0.8696883574948554
train_loss: 0.1813368225139436
val_prcauc: 0.38273869330443444
val_rocauc: 0.7295602659079006
val_loss: 0.1980497200358514