test_prcauc: 0.35605703583007364
test_rocauc: 0.7370650636644908
test_loss: 0.2436400431582692
train_prcauc: 0.6257198020592963
train_rocauc: 0.9191827550680279
train_loss: 0.15093714201865846
val_prcauc: 0.3811249263104401
val_rocauc: 0.7917330388757567
val_loss: 0.2604004624785899