prcauc: 0.35695973951373455
rocauc: 0.7375586243605169 