test_mae: 0.4045198857784271
test_rmse: 0.5391748547554016
test_loss: 0.4045198836496898
train_mae: 0.24262350797653198
train_rmse: 0.337392121553421
train_loss: 0.24262351941849505
val_mae: 0.43052464723587036
val_rmse: 0.6274336576461792
val_loss: 0.43052463233470917
