test_mae: 0.673508135694833
test_rmse: 0.8457003914281811
test_loss: 0.7116834498000755
train_mae: 0.1648063856862219
train_rmse: 0.20747893136449908
train_loss: 0.09025773725339345
val_mae: 0.6543886683533587
val_rmse: 0.829261954366291
val_loss: 0.692131695293791