test_mae: 0.5700432658195496
test_rmse: 0.7518666386604309
test_loss: 0.5700432360172272
train_mae: 0.33700111508369446
train_rmse: 0.4579847455024719
train_loss: 0.3370011184541952
val_mae: 0.5687155723571777
val_rmse: 0.7458198070526123
val_loss: 0.5687155723571777
