test_prcauc: 0.37538686930342474
test_rocauc: 0.749473112740577
test_loss: 0.24324771279827503
train_prcauc: 0.6898950388662869
train_rocauc: 0.9344754780104726
train_loss: 0.14124753605208532
val_prcauc: 0.3731119498041135
val_rocauc: 0.7882898682640294
val_loss: 0.26804375447471035