test_prcauc: 0.1672730479076287
test_rocauc: 0.7509308671832731
test_loss: 0.11897534871417464
train_prcauc: 0.5949170050513483
train_rocauc: 0.9270827058637925
train_loss: 0.09697697022173599
val_prcauc: 0.21953625918462272
val_rocauc: 0.7249794511913993
val_loss: 0.15729482979937034