test_mae: 2.0993898879289623
test_rmse: 2.6528581016577992
test_loss: 7.037656107531422
train_mae: 0.5298266702750385
train_rmse: 0.7386917795727049
train_loss: 1.0119145512580872
val_mae: 1.161379374485267
val_rmse: 1.5705806824469082
val_loss: 2.4667236800753964