test_prcauc: 0.7476649547145635
test_rocauc: 0.7005208333333333
test_loss: 1.8823740482330322
train_prcauc: 0.9992303873721141
train_rocauc: 0.9963249733490434
train_loss: 0.11470579370443675
val_prcauc: 0.8788955159298569
val_rocauc: 0.9289370671484493
val_loss: 0.6134635210037231