test_mae: 0.5666923669141141
test_rmse: 0.7407686686021893
test_loss: 0.5407746921686484
train_mae: 0.3723144377546629
train_rmse: 0.4817345202709015
train_loss: 0.30954210247312275
val_mae: 0.556737995101405
val_rmse: 0.7280947745418885
val_loss: 0.522931138011512