mae: 0.5683135979801771
rmse: 0.7437239038669836 