test_mae: 0.8176678384236531
test_rmse: 1.0836597699676522
test_loss: 1.1743184970463447
train_mae: 0.2650549438810772
train_rmse: 0.36206463096866304
train_loss: 0.24008532986044884
val_mae: 0.8126713230509673
val_rmse: 0.9825735859285128
val_loss: 0.9654508517644167