test_mae: 0.6625640549673921
test_rmse: 0.8214474295929419
test_loss: 0.6622776402974194
train_mae: 0.2513248569477527
train_rmse: 0.32031765977931387
train_loss: 0.1780297617827143
val_mae: 0.6627100156602406
val_rmse: 0.8495177674424822
val_loss: 0.7174357539832397