test_prcauc: 0.7076786905003178
test_rocauc: 0.6928047839506173
test_loss: 1.365624189376831
train_prcauc: 0.9979246488708499
train_rocauc: 0.9896397912809293
train_loss: 0.13070451466986227
val_prcauc: 0.8218896610779931
val_rocauc: 0.903442738131085
val_loss: 0.6047782301902771