mae: 1.7209349134843797
rmse: 2.419736121967807 