test_prcauc: 0.9750755120704019
test_rocauc: 0.9245328511151296
test_loss: 0.3109792023897171
train_prcauc: 0.9967928404108864
train_rocauc: 0.9898346034372243
train_loss: 0.15756958405624202
val_prcauc: 0.964435411467679
val_rocauc: 0.9112753623188405
val_loss: 0.38983216881752014