test_prcauc: 0.4954365114438333
test_rocauc: 0.463945365446773
test_loss: 0.6570479273796082
train_prcauc: 0.5495265642744463
train_rocauc: 0.6552622615803815
train_loss: 0.60494356877276
val_prcauc: 0.5532624627542776
val_rocauc: 0.8132858925112447
val_loss: 0.6643781661987305