test_prcauc: 0.6493866828104581
test_rocauc: 0.6293095357918926
test_loss: 0.5165032684803009
train_prcauc: 0.7457887938799663
train_rocauc: 0.7771258094882664
train_loss: 0.4372663117117352
val_prcauc: 0.7029307925018199
val_rocauc: 0.6787308375506957
val_loss: 0.49636316299438477
