mae: 0.57757169008255
rmse: 0.7518428564071655
