test_prcauc: 0.6711786468212513
test_rocauc: 0.8530304673396778
test_loss: 0.19141988456249237
train_prcauc: 0.7791988046295562
train_rocauc: 0.9325312534331803
train_loss: 0.1476056297927197
val_prcauc: 0.5965644173544178
val_rocauc: 0.7802426698233473
val_loss: 0.26499611139297485