test_prcauc: 0.7763036498622666
test_rocauc: 0.7845592070944183
test_loss: 0.5961511731147766
train_prcauc: 0.8203937021911795
train_rocauc: 0.8879680365296804
train_loss: 0.45154451891958497
val_prcauc: 0.9397630213251977
val_rocauc: 0.7197802197802197
val_loss: 0.5134116411209106