test_mae: 0.46079540252685547
test_rmse: 0.6220916509628296
test_loss: 0.4506334960460663
train_mae: 0.33335867524147034
train_rmse: 0.5068427324295044
train_loss: 0.33544579860956775
val_mae: 0.4485815167427063
val_rmse: 0.6353238821029663
val_loss: 0.4516424499452114
