mae: 0.6402249336242676
rmse: 2.602269172668457
