test_prcauc: 0.6343651644006089
test_rocauc: 0.6005674728818833
test_loss: 0.509103536605835
train_prcauc: 0.7370681007639031
train_rocauc: 0.771800117101951
train_loss: 0.46334380012148985
val_prcauc: 0.6484055711386912
val_rocauc: 0.5941089791071427
val_loss: 0.5027672648429871