prcauc: 0.6164222191292078
rocauc: 0.549997139769412 