test_mae: 0.858131682188936
test_rmse: 1.2806614199684978
test_loss: 1.640093672595729
train_mae: 0.5579486097897313
train_rmse: 0.752096257629911
train_loss: 0.768264502286911
val_mae: 0.7867938896145408
val_rmse: 1.0834475253298188
val_loss: 1.1738585401433081