mae: 0.8864636041131696
rmse: 1.1151126553821702 