test_prcauc: 0.7248266043050585
test_rocauc: 0.7059220679012347
test_loss: 0.9603967581476484
train_prcauc: 0.9950010254219258
train_rocauc: 0.9774714367761613
train_loss: 0.15746240304274992
val_prcauc: 0.9549974027612278
val_rocauc: 0.9712237379269143
val_loss: 0.2525034121104649
