test_mae: 0.9460164904594421
test_rmse: 15.49557113647461
test_loss: 0.9460164425628526
train_mae: 0.1288004070520401
train_rmse: 0.1836206316947937
train_loss: 0.12880040651985578
val_mae: 0.3871299922466278
val_rmse: 0.534887433052063
val_loss: 0.38712998053857256
