test_mae: 3.2772483825683594
test_rmse: 6.6547932624816895
test_loss: 3.6883370876312256
train_mae: 0.3862360715866089
train_rmse: 0.5989071726799011
train_loss: 0.3884701083103816
val_mae: 1.9109539985656738
val_rmse: 2.822374105453491
val_loss: 1.6206393639246623
