test_mae: 1.531461477279663
test_rmse: 2.0400607585906982
test_loss: 1.3408232927322388
train_mae: 0.7905812859535217
train_rmse: 1.0494720935821533
train_loss: 0.7788089083300697
val_mae: 1.7485747337341309
val_rmse: 2.6330461502075195
val_loss: 1.6381322145462036
