test_prcauc: 0.33906995255303823
test_rocauc: 0.7470396894951418
test_loss: 0.2711034919004118
train_prcauc: 0.5522400504575447
train_rocauc: 0.8883969715475818
train_loss: 0.16078542761754666
val_prcauc: 0.3477671096772125
val_rocauc: 0.7561391947959701
val_loss: 0.2687920862330617