test_prcauc: 0.3008219169570234
test_rocauc: 0.7360743886163418
test_loss: 0.3283917992203324
train_prcauc: 0.6478756582187033
train_rocauc: 0.9364581861431184
train_loss: 0.12839287410726388
val_prcauc: 0.3633081648471728
val_rocauc: 0.791959054805989
val_loss: 0.2942794533791365
