test_prcauc: 0.637252977962016
test_rocauc: 0.5861481832526988
test_loss: 0.6477296948432922
train_prcauc: 0.9151507591407566
train_rocauc: 0.9390607450737941
train_loss: 0.31113360544446145
val_prcauc: 0.6847691734832099
val_rocauc: 0.6642715601145764
val_loss: 0.5749661326408386