test_prcauc: 0.07249883492639488
test_rocauc: 0.7213182185357137
test_loss: 0.05435949424155381
train_prcauc: 0.5145647214191769
train_rocauc: 0.9951832706804294
train_loss: 0.17814014561797942
val_prcauc: 0.14982597901196462
val_rocauc: 0.7338959745570323
val_loss: 0.023460006278217472
