test_mae: 0.46999767422676086
test_rmse: 0.627364456653595
test_loss: 0.4575347776214282
train_mae: 0.40164509415626526
train_rmse: 0.5457671284675598
train_loss: 0.40216594713705556
val_mae: 0.4918297827243805
val_rmse: 0.7236459255218506
val_loss: 0.49650971591472626
