mae: 0.4292266070842743
rmse: 0.5745574831962585
