test_mae: 0.49188077449798584
test_rmse: 0.7252200245857239
test_loss: 0.48125659426053363
train_mae: 0.36202743649482727
train_rmse: 0.5189955830574036
train_loss: 0.36442719786255445
val_mae: 0.49384042620658875
val_rmse: 0.7092846632003784
val_loss: 0.5005513976017634
