test_mae: 0.46713295578956604
test_rmse: 0.632007360458374
test_loss: 0.4671329501129332
train_mae: 0.15177902579307556
train_rmse: 0.22283945977687836
train_loss: 0.1517790270094969
val_mae: 0.4824555814266205
val_rmse: 0.6770686507225037
val_loss: 0.4824556424504235
