test_mae: 0.5912434253521197
test_rmse: 0.8243162226675611
test_loss: 0.6794972349529161
train_mae: 0.33105103866852953
train_rmse: 0.4189740450972078
train_loss: 0.282755305369695
val_mae: 0.5311878334376547
val_rmse: 0.7009186868434469
val_loss: 0.49128700556634197