test_mae: 0.3803515136241913
test_rmse: 0.49264615774154663
test_loss: 0.3755069747567177
train_mae: 0.2973012328147888
train_rmse: 0.43335965275764465
train_loss: 0.29074354469776154
val_mae: 0.41650211811065674
val_rmse: 0.5572958588600159
val_loss: 0.41758424788713455
