test_mae: 0.768764078617096
test_rmse: 1.0158746242523193
test_loss: 0.787135124206543
train_mae: 0.3240863084793091
train_rmse: 0.44305482506752014
train_loss: 0.3266965415742662
val_mae: 0.6785266399383545
val_rmse: 0.8816773295402527
val_loss: 0.6655464222033819
