test_prcauc: 0.958280912990403
test_rocauc: 0.8817108203000319
test_loss: 0.5092185180295598
train_prcauc: 0.9996411945893228
train_rocauc: 0.9988157787275747
train_loss: 0.041343379920969404
val_prcauc: 0.9712632437602885
val_rocauc: 0.9358021890772983
val_loss: 0.33260515196756885
