prcauc: 0.6455504544287569
rocauc: 0.600105424182602
