prcauc: 0.11164648833174277
rocauc: 0.7310367137256416 