test_prcauc: 0.15369448031308108
test_rocauc: 0.7585024817010757
test_loss: 0.12270690018639845
train_prcauc: 0.5091875221247124
train_rocauc: 0.8843045561987982
train_loss: 0.10933177761170744
val_prcauc: 0.3238115844800907
val_rocauc: 0.8352837791495199
val_loss: 0.07481271554442014