mae: 1.3323188154306262
rmse: 1.9125759211416506 