test_mae: 1.3483753754151984
test_rmse: 1.9244002721294025
test_loss: 3.7033164073717186
train_mae: 0.8098446266093599
train_rmse: 0.9856905641836742
train_loss: 0.7402626574039459
val_mae: 1.6510089415311815
val_rmse: 2.4291003813850303
val_loss: 5.9005286628448985