test_prcauc: 0.6604176046000615
test_rocauc: 0.6259645061728395
test_loss: 2.6837335995265414
train_prcauc: 1.0
train_rocauc: 1.0
train_loss: 0.0017543318046426232
val_prcauc: 0.9333912897705303
val_rocauc: 0.9615652693418301
val_loss: 0.4781005159020424
