mae: 1.0949145555496216
rmse: 4.442724227905273
