test_prcauc: 0.6262615118039945
test_rocauc: 0.6159746016067115
test_loss: 0.678920567035675
train_prcauc: 0.9104776576635445
train_rocauc: 0.9357486628118534
train_loss: 0.3179170233709367
val_prcauc: 0.6935585674720736
val_rocauc: 0.6447870245663929
val_loss: 0.5829120874404907