test_prcauc: 0.6290687294032158
test_rocauc: 0.6014906625036078
test_OGBNanLabelloss: 0.5245246410369873
train_prcauc: 0.6869780880320214
train_rocauc: 0.7084461065566318
train_OGBNanLabelloss: 0.47881631801525754
val_prcauc: 0.6944696760176485
val_rocauc: 0.6714749039227017
val_OGBNanLabelloss: 0.4975076258182526
