mae: 2.1113096846267583
rmse: 2.8726886489940386 