test_mae: 1.7184271977841852
test_rmse: 2.3593082525834435
test_loss: 5.566335430708342
train_mae: 0.5655611371095866
train_rmse: 0.7139981542985685
train_loss: 0.759309321641922
val_mae: 1.9666401339322328
val_rmse: 2.819104696897536
val_loss: 7.947351292069747