test_prcauc: 0.8013689777869188
test_rocauc: 0.7942966440619023
test_loss: 1.3759851455688477
train_prcauc: 1.0
train_rocauc: 1.0
train_loss: 0.03586848013305596
val_prcauc: 0.9390344679143796
val_rocauc: 0.7252747252747253
val_loss: 1.085935354232788