test_prcauc: 0.7325296056536854
test_rocauc: 0.6897183641975309
test_loss: 2.6113982711519514
train_prcauc: 1.0
train_rocauc: 1.0
train_loss: 0.0005166622769717254
val_prcauc: 0.9332935836856848
val_rocauc: 0.9654485711440806
val_loss: 0.49603383243135923
