test_prcauc: 0.27042798654420624
test_rocauc: 0.7610507565283782
test_loss: 0.47572491831093466
train_prcauc: 0.633855978051195
train_rocauc: 0.9320369299086125
train_loss: 0.14789670943074926
val_prcauc: 0.3206598871866792
val_rocauc: 0.791625613663645
val_loss: 0.30477011681727645
