prcauc: 0.8310908394850631
rocauc: 0.8947532548530444 