test_prcauc: 0.8314582152315395
test_rocauc: 0.8965463475481406
test_loss: 0.4546577036380768
train_prcauc: 0.955980474362341
train_rocauc: 0.9644760946873092
train_loss: 0.2944246145764599
val_prcauc: 0.8065780321928571
val_rocauc: 0.8365210547028729
val_loss: 0.5890158414840698