test_prcauc: 0.32824598563630336
test_rocauc: 0.6176260574698309
test_loss: 0.37497748736341285
train_prcauc: 0.6001976257099125
train_rocauc: 0.8959598240003995
train_loss: 0.1556900432781002
val_prcauc: 0.3524562599218367
val_rocauc: 0.644435805265485
val_loss: 0.2946761387602712