test_prcauc: 0.1431192798090438
test_rocauc: 0.787222299244072
test_loss: 0.09054624209168496
train_prcauc: 0.2895931728529526
train_rocauc: 0.9686532764646423
train_loss: 0.028764854610295224
val_prcauc: 0.12985672759434388
val_rocauc: 0.790431935818283
val_loss: 0.024608399077592616
