test_mae: 1.3021012056153265
test_rmse: 1.8139632217191688
test_loss: 3.2904625697497876
train_mae: 0.5577176831960095
train_rmse: 0.7183221430539162
train_loss: 0.6775312125682831
val_mae: 1.9404866409301758
val_rmse: 2.516120497164341
val_loss: 6.330862356250532