mae: 1.2949810001766306
rmse: 1.8127181764420675 