prcauc: 0.3863826816597289
rocauc: 0.7628120347105979
