test_prcauc: 0.6976734605659496
test_rocauc: 0.8792426545086118
test_loss: 0.1417449661064893
train_prcauc: 0.8876225261892481
train_rocauc: 0.9701440040791296
train_loss: 0.12049108352512121
val_prcauc: 0.785761371847582
val_rocauc: 0.9135994758211416
val_loss: 0.14637733083218335
