test_prcauc: 0.33243691269759934
test_rocauc: 0.7451827947473991
test_loss: 0.28186343489214777
train_prcauc: 0.6146627317369658
train_rocauc: 0.9146742677553686
train_loss: 0.134434309284218
val_prcauc: 0.3562505627666918
val_rocauc: 0.7695124307391373
val_loss: 0.26200512405484916
