test_mae: 0.8119871940726325
test_rmse: 1.004202270173423
test_loss: 0.9971760905956812
train_mae: 0.2822364905904535
train_rmse: 0.3385115915883446
train_loss: 0.09836208234940257
val_mae: 0.8223786103626092
val_rmse: 1.022964270122428
val_loss: 1.0303365639134712