test_prcauc: 0.06585334488431116
test_rocauc: 0.6772848825729877
test_loss: 0.028478904371940453
train_prcauc: 0.9529223728313994
train_rocauc: 0.9996774582029838
train_loss: 0.0014517668053368215
val_prcauc: 0.21850978031586427
val_rocauc: 0.7733699332757351
val_loss: 0.02298711287904374
