mae: 0.6391309403372661
rmse: 0.8073816282881611 