test_mae: 0.5844194378923803
test_rmse: 0.7388779502219242
test_loss: 0.5365676308127969
train_mae: 0.3556650328843722
train_rmse: 0.4599692847944338
train_loss: 0.26239496895245146
val_mae: 0.5718978925492791
val_rmse: 0.753404159137051
val_loss: 0.551806960790836