mae: 1.6119349002838135
rmse: 2.2938077449798584
