test_mae: 0.6801413297653198
test_rmse: 1.0004080533981323
test_loss: 0.6520060002803802
train_mae: 0.45562759041786194
train_rmse: 0.7163519263267517
train_loss: 0.4565915579979236
val_mae: 0.7432940006256104
val_rmse: 1.0719221830368042
val_loss: 0.8569415926933288
