test_prcauc: 0.19968327612123832
test_rocauc: 0.7569458660847062
test_loss: 0.17717831055907643
train_prcauc: 0.9468301303537637
train_rocauc: 0.9955359577742665
train_loss: 0.053541040724246806
val_prcauc: 0.3244676754319851
val_rocauc: 0.8184921859690378
val_loss: 0.09397220567745321