test_mae: 0.6801662392382111
test_rmse: 0.8486756874800855
test_loss: 0.714113901204627
train_mae: 0.26594121347154887
train_rmse: 0.3340025722169024
train_loss: 0.17905152163335256
val_mae: 0.6817362114744527
val_rmse: 0.8649742560537228
val_loss: 0.7473028343792563