test_mae: 0.748471200466156
test_rmse: 2.448913335800171
test_loss: 0.6819575801491737
train_mae: 0.21578148007392883
train_rmse: 0.3655627965927124
train_loss: 0.21576356093088786
val_mae: 0.646190881729126
val_rmse: 1.0862553119659424
val_loss: 0.6687332838773727
