test_mae: 0.6225794553756714
test_rmse: 0.9015088677406311
test_loss: 0.6410590261220932
train_mae: 0.3157285749912262
train_rmse: 0.46771830320358276
train_loss: 0.31565218170483905
val_mae: 0.6395629644393921
val_rmse: 0.9120144844055176
val_loss: 0.6510107815265656
