mae: 0.59393310546875
rmse: 1.0151771306991577
