test_prcauc: 0.6706283905422343
test_rocauc: 0.6509459931583398
test_loss: 0.562319781099047
train_prcauc: 0.8606141222122674
train_rocauc: 0.9019895381842069
train_loss: 0.3085824027657509
val_prcauc: 0.671303174142193
val_rocauc: 0.6543004018015405
val_loss: 0.5542554557323456
