test_prcauc: 0.45124198812384025
test_rocauc: 0.8256421539727552
test_loss: 0.20285447981816018
train_prcauc: 0.7194954457338828
train_rocauc: 0.9443568319840095
train_loss: 0.1441376588275142
val_prcauc: 0.43477612013713046
val_rocauc: 0.8377181651258022
val_loss: 0.19936960436415813