test_prcauc: 0.35559305179309914
test_rocauc: 0.6621148364186134
test_loss: 0.3065597301927106
train_prcauc: 0.5535604311083113
train_rocauc: 0.8650313281989923
train_loss: 0.14556624288121686
val_prcauc: 0.417828627472596
val_rocauc: 0.71361136536906
val_loss: 0.248296437592342
