mae: 0.7715277075767517
rmse: 0.9674773812294006
