test_mae: 0.4187159240245819
test_rmse: 0.556837260723114
test_loss: 0.4187159687280655
train_mae: 0.29425761103630066
train_rmse: 0.4432130455970764
train_loss: 0.2942576279331531
val_mae: 0.4482215940952301
val_rmse: 0.6598464846611023
val_loss: 0.4482216238975525
