mae: 1.7038828134536743
rmse: 2.2685859203338623
