test_prcauc: 0.10939133960084359
test_rocauc: 0.7706310320051982
test_loss: 0.014959045138844166
train_prcauc: 0.23109926516509502
train_rocauc: 0.9414222667294014
train_loss: 0.060816707634006505
val_prcauc: 0.22349077164178915
val_rocauc: 0.8071015441558114
val_loss: 0.013117144818992692
