test_prcauc: 0.35749712788968907
test_rocauc: 0.7413789651202497
test_loss: 0.24460263889947584
train_prcauc: 0.6431607494490789
train_rocauc: 0.9208024331325418
train_loss: 0.14933484755035248
val_prcauc: 0.3627937662409309
val_rocauc: 0.7856252639330492
val_loss: 0.26425361855607804