prcauc: 0.74656815541181
rocauc: 0.7112268518518517 