test_prcauc: 0.7396436040599893
test_rocauc: 0.6952160493827161
test_loss: 1.215749979019165
train_prcauc: 0.9888164145134852
train_rocauc: 0.9533061213039331
train_loss: 0.2205653929426339
val_prcauc: 0.8018863991547485
val_rocauc: 0.9042457091237578
val_loss: 0.5153558254241943