prcauc: 0.6990976329857597
rocauc: 0.6879822530864198
