test_prcauc: 0.7234834329458726
test_rocauc: 0.7059220679012346
test_loss: 1.331732145377568
train_prcauc: 0.9991087374039876
train_rocauc: 0.9951990364616732
train_loss: 0.10551672381433573
val_prcauc: 0.9574373583127652
val_rocauc: 0.9771980483919147
val_loss: 0.2274570640708719
