test_mae: 0.9032332301139832
test_rmse: 1.172438144683838
test_loss: 0.8936896771192551
train_mae: 0.45425719022750854
train_rmse: 0.6206104159355164
train_loss: 0.4453607855304595
val_mae: 0.9119623899459839
val_rmse: 1.304742693901062
val_loss: 0.9025875478982925
