test_mae: 1.4380019903182983
test_rmse: 7.650306701660156
test_loss: 1.3960627019405365
train_mae: 0.20936083793640137
train_rmse: 0.29378557205200195
train_loss: 0.2099625559583787
val_mae: 0.6753814816474915
val_rmse: 0.8900959491729736
val_loss: 0.6674245372414589
