test_prcauc: 0.5983933486193412
test_rocauc: 0.5979083491860993
test_loss: 0.5740110278129578
train_prcauc: 0.7432075926982139
train_rocauc: 0.7814889018488771
train_loss: 0.4471016816420462
val_prcauc: 0.678516233727331
val_rocauc: 0.6339163729836857
val_loss: 0.5120365619659424