test_prcauc: 0.7240878117003919
test_rocauc: 0.7240479916536253
test_loss: 0.9217699766159058
train_prcauc: 0.8677325615652417
train_rocauc: 0.9199229452054795
train_loss: 0.39595220744946835
val_prcauc: 0.9501749950057906
val_rocauc: 0.7465201465201465
val_loss: 0.9335882663726807