test_prcauc: 0.24066729157162817
test_rocauc: 0.7465671411189865
test_loss: 0.12113715007024653
train_prcauc: 0.5875971139914464
train_rocauc: 0.9179206113520822
train_loss: 0.10453965267994669
val_prcauc: 0.35770395099338376
val_rocauc: 0.8238168724279834
val_loss: 0.07271770869984347