test_prcauc: 0.8238182695535752
test_rocauc: 0.8616330114135206
test_loss: 0.5832405487696329
train_prcauc: 0.9990944541126852
train_rocauc: 0.9992467407049734
train_loss: 0.05177098255967948
val_prcauc: 0.891987695358288
val_rocauc: 0.9240506329113924
val_loss: 0.3536471116046111
