test_prcauc: 0.6624145469495447
test_rocauc: 0.7800380960280595
test_OGBNanLabelloss: 0.20007526353001595
train_prcauc: 0.9379244306916621
train_rocauc: 0.9858138701186454
train_OGBNanLabelloss: 0.09056963105686008
val_prcauc: 0.868547440321944
val_rocauc: 0.9526974009028071
val_OGBNanLabelloss: 0.12370272055268287
