test_prcauc: 0.7361785264140566
test_rocauc: 0.6780478395061728
test_loss: 1.2027496099472046
train_prcauc: 0.9901361462707873
train_rocauc: 0.9571817314705717
train_loss: 0.21971038463540116
val_prcauc: 0.880594877069695
val_rocauc: 0.921509585466225
val_loss: 0.5220462083816528