test_mae: 0.5680108537451739
test_rmse: 0.794738488970423
test_loss: 0.6316092658509913
train_mae: 0.4631763407440482
train_rmse: 0.6117221899761387
train_loss: 0.5713860243558884
val_mae: 0.5847566643687231
val_rmse: 0.7834746199204905
val_loss: 0.6138324800595569