test_mae: 2.672114990260452
test_rmse: 3.447797172767249
test_loss: 11.887305344541836
train_mae: 0.5343179933700543
train_rmse: 0.6666177137612391
train_loss: 0.9049687683582306
val_mae: 3.1866802294738594
val_rmse: 4.4626232550360285
val_loss: 19.915006316388357