test_prcauc: 0.7677066160616048
test_rocauc: 0.8052512606503217
test_loss: 0.9660393285254637
train_prcauc: 0.8209341805191824
train_rocauc: 0.8881078767123287
train_loss: 0.575142139341773
val_prcauc: 0.9540788074332536
val_rocauc: 0.7402930402930403
val_loss: 0.8504137496153513
