test_prcauc: 0.3390419454546507
test_rocauc: 0.7504863236210335
test_loss: 0.2956128128804266
train_prcauc: 0.7037654484322361
train_rocauc: 0.9387729754780647
train_loss: 0.11696615355099485
val_prcauc: 0.3523970923031949
val_rocauc: 0.7794639425456396
val_loss: 0.27589989081025124
