test_mae: 3.035947561264038
test_rmse: 4.0239105224609375
test_loss: 3.067135214805603
train_mae: 0.4304962158203125
train_rmse: 0.6521777510643005
train_loss: 0.43194377651581395
val_mae: 1.0346702337265015
val_rmse: 1.2278869152069092
val_loss: 0.9571343859036764
