test_mae: 2.881887674331665
test_rmse: 4.187191963195801
test_loss: 2.8973034024238586
train_mae: 0.49590620398521423
train_rmse: 2.346743583679199
train_loss: 0.49442705512046814
val_mae: 0.9960717558860779
val_rmse: 1.20883047580719
val_loss: 0.9608484506607056
