test_prcauc: 0.6513357040399883
test_rocauc: 0.6302898853939379
test_loss: 0.5111374735832215
train_prcauc: 0.7485327773187166
train_rocauc: 0.7879602136259519
train_loss: 0.42077503436141545
val_prcauc: 0.7109895980619549
val_rocauc: 0.696381118185683
val_loss: 0.4713055670261383
