test_mae: 0.4168882369995117
test_rmse: 0.5834269523620605
test_loss: 0.41688821251903263
train_mae: 0.19338856637477875
train_rmse: 0.2801416218280792
train_loss: 0.1933885794132948
val_mae: 0.3932914435863495
val_rmse: 0.53270423412323
val_loss: 0.39329145742314203
