test_prcauc: 0.3621968633683878
test_rocauc: 0.7548219646549748
test_loss: 0.25204711585673545
train_prcauc: 0.6638836128915218
train_rocauc: 0.9279275783214046
train_loss: 0.14505090438468474
val_prcauc: 0.3775154179063776
val_rocauc: 0.7927118604914529
val_loss: 0.26242274193202836