test_mae: 0.7379333783104306
test_rmse: 0.9240702931831711
test_loss: 0.8357610563884992
train_mae: 0.30964696200777375
train_rmse: 0.37808113102233293
train_loss: 0.15648226599608148
val_mae: 0.8025966206420035
val_rmse: 1.0011805405436862
val_loss: 1.0095376933451168