test_mae: 0.6272260546684265
test_rmse: 0.8150650858879089
test_loss: 0.6272260674408504
train_mae: 0.4883574843406677
train_rmse: 0.6515315175056458
train_loss: 0.4883574854050364
val_mae: 0.6137850284576416
val_rmse: 0.7833588719367981
val_loss: 0.6137849518230983
