test_mae: 0.43128615617752075
test_rmse: 0.6118506193161011
test_loss: 0.4222789630293846
train_mae: 0.4207397699356079
train_rmse: 0.5976870656013489
train_loss: 0.4137804171731395
val_mae: 0.48633143305778503
val_rmse: 0.6384519338607788
val_loss: 0.48973288387060165
