test_prcauc: 0.3281807582766118
test_rocauc: 0.6351310952796545
test_loss: 0.3371088078643658
train_prcauc: 0.633927181384555
train_rocauc: 0.9117012118355287
train_loss: 0.14633252984544237
val_prcauc: 0.35227289065547057
val_rocauc: 0.6397536920862963
val_loss: 0.30874574563943796