prcauc: 0.3248900090497476
rocauc: 0.6199014405439802 