test_mae: 0.6482715606689453
test_rmse: 0.8366628289222717
test_loss: 0.5710046390692393
train_mae: 0.5605337619781494
train_rmse: 0.8181559443473816
train_loss: 0.5612409578429328
val_mae: 0.7436761856079102
val_rmse: 1.0870400667190552
val_loss: 0.6425159374872843
