test_mae: 1.2294831320590678
test_rmse: 1.557710944258478
test_loss: 2.426463385862639
train_mae: 0.31905977287491755
train_rmse: 0.4167806834539543
train_loss: 0.3237479825814565
val_mae: 1.1112953208027945
val_rmse: 1.395510428343759
val_loss: 1.9474493556161816