test_prcauc: 0.08513789502632016
test_rocauc: 0.6680202112017197
test_loss: 0.01855397851169304
train_prcauc: 0.3771508270077726
train_rocauc: 0.9668853752835437
train_loss: 0.007660012728091764
val_prcauc: 0.17122677194949357
val_rocauc: 0.7131675453168473
val_loss: 0.016054609100468353
