test_prcauc: 0.27484807210201667
test_rocauc: 0.7303467448693676
test_loss: 0.3077045762738618
train_prcauc: 0.599005661902841
train_rocauc: 0.9111120120936379
train_loss: 0.14152941715108344
val_prcauc: 0.31433998427797194
val_rocauc: 0.7604871707431661
val_loss: 0.31818629790881664