prcauc: 0.1767425851255596
rocauc: 0.7586878850499237
