test_prcauc: 0.6361968537594448
test_rocauc: 0.631264660591149
test_loss: 0.5805062651634216
train_prcauc: 0.8265012852430531
train_rocauc: 0.8703748977156226
train_loss: 0.3877275162168526
val_prcauc: 0.6962579526625476
val_rocauc: 0.6636281784516476
val_loss: 0.5152820944786072