mae: 2.1174541017413135
rmse: 2.744971531644952 