test_prcauc: 0.8378946842351892
test_rocauc: 0.7597362456212653
test_loss: 0.9844054173339497
train_prcauc: 0.979281371911904
train_rocauc: 0.9803678295139395
train_loss: 0.18320687235363067
val_prcauc: 0.5988077839715702
val_rocauc: 0.853227408142999
val_loss: 0.5044993460178375
