prcauc: 0.8712119691214316
rocauc: 0.7846177622089429
