test_prcauc: 0.2711230434611192
test_rocauc: 0.7146318128393244
test_loss: 0.3060328028442841
train_prcauc: 0.5357907669134775
train_rocauc: 0.8917431702858832
train_loss: 0.15108677095129294
val_prcauc: 0.30892893781179626
val_rocauc: 0.7466860170345578
val_loss: 0.31633500933002684