test_prcauc: 0.3447000065407841
test_rocauc: 0.7440806074935978
test_loss: 0.2572398713287833
train_prcauc: 0.641511616075448
train_rocauc: 0.9233124952525661
train_loss: 0.15672672314139086
val_prcauc: 0.35061798162945895
val_rocauc: 0.7804805208262531
val_loss: 0.2915913881634499