prcauc: 0.6380568352905269
rocauc: 0.6268904500718697 