mae: 3.054400901342742
rmse: 3.945184590292684 