test_prcauc: 0.3806684922096002
test_rocauc: 0.7994250019725488
test_loss: 0.14352875968272036
train_prcauc: 0.8298061634112027
train_rocauc: 0.9872494006614171
train_loss: 0.04702265942718196
val_prcauc: 0.4042326965902205
val_rocauc: 0.8455346239923517
val_loss: 0.12986863680691882
