test_mae: 1.705209493637085
test_rmse: 2.2744550704956055
test_loss: 1.7961595058441162
train_mae: 0.42259350419044495
train_rmse: 0.582338273525238
train_loss: 0.4103764643271764
val_mae: 2.411043405532837
val_rmse: 3.44510555267334
val_loss: 1.9134269952774048
