test_mae: 0.6193420379057172
test_rmse: 0.7980456163902763
test_loss: 0.6312571952891259
train_mae: 0.31457263485099823
train_rmse: 0.4028185589781703
train_loss: 0.2031451180577278
val_mae: 0.6041853040046103
val_rmse: 0.7892941990976049
val_loss: 0.6199796793786906