test_prcauc: 0.6093550543065526
test_rocauc: 0.5473974414625585
test_loss: 2.2584200501441956
train_prcauc: 0.7571503504516286
train_rocauc: 0.8106786670374801
train_loss: 0.4589853228794204
val_prcauc: 0.6514564510889654
val_rocauc: 0.5967486188506229
val_loss: 1.2694594740867615
