prcauc: 0.4412042978408631
rocauc: 0.8120176932703003
