test_prcauc: 0.3719333826468708
test_rocauc: 0.7911481507230256
test_loss: 0.13902248766111291
train_prcauc: 0.5604629178559227
train_rocauc: 0.9433670125368911
train_loss: 0.10618838668294053
val_prcauc: 0.4025228709675301
val_rocauc: 0.8198094934951475
val_loss: 0.1186249510763024
