mae: 1.335568939950317
rmse: 1.9113541803750544 