prcauc: 0.6703818407952267
rocauc: 0.6467978395061729 