test_prcauc: 0.6700018942945992
test_rocauc: 0.6583719135802469
test_loss: 1.9729715585708618
train_prcauc: 0.9999532018817279
train_rocauc: 0.999753127980699
train_loss: 0.062119061104088505
val_prcauc: 0.9028251245299137
val_rocauc: 0.9355615778380004
val_loss: 0.629878044128418