test_mae: 1.4733153581619263
test_rmse: 2.0056846141815186
test_loss: 1.3943143486976624
train_mae: 0.34307777881622314
train_rmse: 0.6272023320198059
train_loss: 0.3427392115195592
val_mae: 0.8495500683784485
val_rmse: 1.1146841049194336
val_loss: 0.7522907356421152
