test_mae: 0.7070605158805847
test_rmse: 7.430291175842285
test_loss: 0.7070604967219489
train_mae: 0.20038017630577087
train_rmse: 0.7063195109367371
train_loss: 0.2003801836676541
val_mae: 0.3991010785102844
val_rmse: 0.5425798892974854
val_loss: 0.3991011029907635
