test_mae: 0.5572092166714808
test_rmse: 0.7570928024207132
test_loss: 0.5731895114772491
train_mae: 0.45776187314978106
train_rmse: 0.5983180851112666
train_loss: 0.5349085852503777
val_mae: 0.5379213942130642
val_rmse: 0.6865585862982337
val_loss: 0.4713626924198291