test_mae: 0.7578622102737427
test_rmse: 2.0325732231140137
test_loss: 0.6891210675239563
train_mae: 0.2937993109226227
train_rmse: 0.49674487113952637
train_loss: 0.2956790878222539
val_mae: 0.631304144859314
val_rmse: 1.0570744276046753
val_loss: 0.7269498348236084
