test_prcauc: 0.047319660765476335
test_rocauc: 0.6945689064441131
test_loss: 0.018955257861018048
train_prcauc: 0.5384492042755886
train_rocauc: 0.9819607731857348
train_loss: 0.008688685974925468
val_prcauc: 0.10189456621278323
val_rocauc: 0.8222055454383188
val_loss: 0.01592531070244428