test_mae: 2.856797695159912
test_rmse: 3.9883129596710205
test_loss: 2.873033881187439
train_mae: 0.2828158140182495
train_rmse: 0.48209479451179504
train_loss: 0.28154268173071056
val_mae: 0.7735787034034729
val_rmse: 1.0075812339782715
val_loss: 0.7186320722103119
