test_prcauc: 0.13670237847059932
test_rocauc: 0.7392270575221596
test_loss: 0.018109134030133024
train_prcauc: 0.6673206188987881
train_rocauc: 0.9923812762595354
train_loss: 0.006737861196550268
val_prcauc: 0.18759182023673893
val_rocauc: 0.8299233422772212
val_loss: 0.01511002335985802