test_mae: 0.813697338104248
test_rmse: 1.0207915306091309
test_loss: 0.8111687898635864
train_mae: 0.37058156728744507
train_rmse: 0.522768497467041
train_loss: 0.3802483134692715
val_mae: 0.7464265823364258
val_rmse: 1.0059336423873901
val_loss: 0.7377310395240784
