test_prcauc: 0.12120985106597075
test_rocauc: 0.7604721396521038
test_loss: 0.01484545376163042
train_prcauc: 0.28561680049794924
train_rocauc: 0.9488543508237688
train_loss: 0.008069907665795314
val_prcauc: 0.09425687777428292
val_rocauc: 0.7582131682601636
val_loss: 0.017344839646405534
