test_prcauc: 0.06701301322711133
test_rocauc: 0.7408527137895738
test_loss: 0.014739487432312287
train_prcauc: 0.09531834029138748
train_rocauc: 0.881766191429188
train_loss: 0.012150213948740794
val_prcauc: 0.1200933531078803
val_rocauc: 0.7741587702769168
val_loss: 0.01333863061988885