test_prcauc: 0.4612218425521605
test_rocauc: 0.7581690968079299
test_loss: 0.20922052397810179
train_prcauc: 0.6201883620720755
train_rocauc: 0.8968565692193192
train_loss: 0.1362644157750638
val_prcauc: 0.4349080634788713
val_rocauc: 0.7460543939826515
val_loss: 0.19967062180412226
