test_prcauc: 0.6985222056548942
test_rocauc: 0.7266562336984872
test_loss: 1.8974930519858997
train_prcauc: 0.6761428448592487
train_rocauc: 0.7793464611872147
train_loss: 0.5583602786064148
val_prcauc: 0.9502451850584254
val_rocauc: 0.7252747252747253
val_loss: 1.4172446330388386
