test_prcauc: 0.7308209746999227
test_rocauc: 0.846300351023529
test_loss: 0.17919529154896735
train_prcauc: 0.8916282026446346
train_rocauc: 0.9713010755304143
train_loss: 0.11040521436370909
val_prcauc: 0.9552589893482611
val_rocauc: 0.9948553793624217
val_loss: 0.05824969010427594
