mae: 1.6489931344985962
rmse: 2.364060878753662
