test_prcauc: 0.7150062596607953
test_rocauc: 0.8922783512320579
test_OGBNanLabelloss: 0.25344899445772173
train_prcauc: 0.9196007547843461
train_rocauc: 0.979589590736532
train_OGBNanLabelloss: 0.10299226129427552
val_prcauc: 0.9484374908939819
val_rocauc: 0.9927574772645196
val_OGBNanLabelloss: 0.06533298408612609
