test_prcauc: 0.4407651791897795
test_rocauc: 0.8354494902189233
test_loss: 0.19638481019310422
train_prcauc: 0.765572672689674
train_rocauc: 0.9557755639953681
train_loss: 0.1356110809615428
val_prcauc: 0.5116569391685781
val_rocauc: 0.8503830826294813
val_loss: 0.16999898977010788