prcauc: 0.4345994601517926
rocauc: 0.8385382651235811 