test_prcauc: 0.4069505852577306
test_rocauc: 0.8146933575974415
test_loss: 0.1974280718613909
train_prcauc: 0.5931170695522303
train_rocauc: 0.9036071022909024
train_loss: 0.1691731532397125
val_prcauc: 0.4165778513125465
val_rocauc: 0.8355586074978697
val_loss: 0.18782715386497476