test_prcauc: 0.6376471879021424
test_rocauc: 0.600289128395822
test_loss: 0.5582232475280762
train_prcauc: 0.8680632325009613
train_rocauc: 0.9052076707191911
train_loss: 0.35854713332792343
val_prcauc: 0.6723619975983293
val_rocauc: 0.6304769320710308
val_loss: 0.5533294081687927