test_prcauc: 0.31735358459648016
test_rocauc: 0.7657922829158975
test_loss: 0.28331324402932767
train_prcauc: 0.47720891435499363
train_rocauc: 0.8847947768225396
train_loss: 0.161438822603682
val_prcauc: 0.3512661160378691
val_rocauc: 0.7928592257545931
val_loss: 0.26940916299268053
