test_prcauc: 0.7351260671120757
test_rocauc: 0.7424795687706486
test_loss: 2.736222058534622
train_prcauc: 0.9997497490776266
train_rocauc: 0.9998344748858448
train_loss: 0.04554975939142268
val_prcauc: 0.96185171689873
val_rocauc: 0.7897435897435898
val_loss: 1.653564304113388
