test_prcauc: 0.954237995638294
test_rocauc: 0.8923277243589743
test_loss: 0.4355447164603642
train_prcauc: 0.9964306997098201
train_rocauc: 0.9885870569538383
train_loss: 0.13035934554730974
val_prcauc: 0.976157659839658
val_rocauc: 0.9329237071172555
val_loss: 0.33990064369780676
