test_mae: 0.6899179816246033
test_rmse: 0.8747754096984863
test_loss: 0.6916867792606354
train_mae: 0.38341841101646423
train_rmse: 0.5114567279815674
train_loss: 0.37348461824078716
val_mae: 0.7320922017097473
val_rmse: 0.9542473554611206
val_loss: 0.7266003638505936
