prcauc: 0.6422352757223806
rocauc: 0.6199858711301415 