test_mae: 5.283798694610596
test_rmse: 8.85409927368164
test_loss: 5.992875893910726
train_mae: 1.4610928297042847
train_rmse: 1.963793158531189
train_loss: 1.4832580155796475
val_mae: 4.100653648376465
val_rmse: 6.759228706359863
val_loss: 3.7165399392445884
