test_prcauc: 0.12604420807664612
test_rocauc: 0.7504605132839556
test_loss: 0.01625513325421262
train_prcauc: 0.4474053286122861
train_rocauc: 0.9785012707381381
train_loss: 0.007887364961825896
val_prcauc: 0.05124097602783177
val_rocauc: 0.7632944688735533
val_loss: 0.01818001577249376