test_prcauc: 0.30355285079245475
test_rocauc: 0.6060371254620579
test_loss: 0.3088479216058116
train_prcauc: 0.4649505696853082
train_rocauc: 0.8338684759327253
train_loss: 0.16859349840352408
val_prcauc: 0.358890056872766
val_rocauc: 0.663865000010257
val_loss: 0.2690832205993194