test_prcauc: 0.9674918204625271
test_rocauc: 0.9060880048221821
test_loss: 0.33048268407583237
train_prcauc: 0.995212279606646
train_rocauc: 0.985651752305088
train_loss: 0.20061829782817697
val_prcauc: 0.9626411147316475
val_rocauc: 0.9145797101449276
val_loss: 0.32792574167251587