test_mae: 0.7913215861369655
test_rmse: 1.2061095992938171
test_loss: 1.4547003655086923
train_mae: 0.5577945269007545
train_rmse: 0.7230728652398958
train_loss: 0.9285682439804077
val_mae: 0.7498905814258674
val_rmse: 1.1419891346080837
val_loss: 1.3041391835629197