test_prcauc: 0.047628188709161315
test_rocauc: 0.7248951700434929
test_loss: 0.01463811152784567
train_prcauc: 0.10307800996668422
train_rocauc: 0.9106956020487563
train_loss: 0.01172648367934545
val_prcauc: 0.11111080113802863
val_rocauc: 0.7825050964291627
val_loss: 0.013278397135012448