prcauc: 0.517089364000526
rocauc: 0.5599420463629097 