test_mae: 0.5045493245124817
test_rmse: 0.6882737278938293
test_loss: 0.5045493372849056
train_mae: 0.22251856327056885
train_rmse: 0.31881317496299744
train_loss: 0.2225185695237347
val_mae: 0.448086142539978
val_rmse: 0.6135846972465515
val_loss: 0.44808611486639294
