test_prcauc: 0.6103966560961246
test_rocauc: 0.5653037834763255
test_OGBNanLabelloss: 0.5597543886729649
train_prcauc: 0.7471211294824545
train_rocauc: 0.7953451319570447
train_OGBNanLabelloss: 0.4450901672244072
val_prcauc: 0.6702389900611398
val_rocauc: 0.6229672382786255
val_OGBNanLabelloss: 0.5057590688977923
