prcauc: 0.1999174463131811
rocauc: 0.7487784623109756 