test_prcauc: 0.29187265815327834
test_rocauc: 0.7347517824021893
test_loss: 0.2916085103198648
train_prcauc: 0.5583153082174998
train_rocauc: 0.8943571044187394
train_loss: 0.1490660975355229
val_prcauc: 0.32531572790433516
val_rocauc: 0.7658482944412128
val_loss: 0.30041212450758464