test_mae: 0.509852945804596
test_rmse: 0.7461215257644653
test_loss: 0.5000010170042515
train_mae: 0.24616849422454834
train_rmse: 0.339426726102829
train_loss: 0.24517545816691025
val_mae: 0.4640592634677887
val_rmse: 0.6628009676933289
val_loss: 0.4644435904920101
