test_prcauc: 0.8758731704263946
test_rocauc: 0.8447092813289996
test_loss: 1.2074411627836525
train_prcauc: 0.9998051117032278
train_rocauc: 0.9998452792170409
train_loss: 0.008822838538132297
val_prcauc: 0.5773770278288292
val_rocauc: 0.8427061310782242
val_loss: 1.1194032207131386
