test_prcauc: 0.5906671443252554
test_rocauc: 0.6792621971235715
test_loss: 0.30331844091415405
train_prcauc: 0.7598872064741725
train_rocauc: 0.926208579217841
train_loss: 0.14491547854498926
val_prcauc: 0.6197130900693493
val_rocauc: 0.7628558065738372
val_loss: 0.300607293844223