test_mae: 0.5699862105453716
test_rmse: 0.7591542552401083
test_loss: 0.5763151832491635
train_mae: 0.45217617187539333
train_rmse: 0.5889450947001965
train_loss: 0.5907039195299149
val_mae: 0.5287490227915479
val_rmse: 0.6906150043931304
val_loss: 0.47694908429292343