prcauc: 0.6074025545250918
rocauc: 0.7339693462621208 