test_prcauc: 0.07570132739186762
test_rocauc: 0.7089945172421309
test_loss: 0.025864512661480946
train_prcauc: 0.9357011926968424
train_rocauc: 0.9998173190056903
train_loss: 0.0020692538452833312
val_prcauc: 0.1244935406983762
val_rocauc: 0.735926291321957
val_loss: 0.023629769227048982
