test_prcauc: 0.6848304200175517
test_rocauc: 0.6381172839506172
test_loss: 1.2012748718261719
train_prcauc: 0.9696351200547141
train_rocauc: 0.8778811086797959
train_loss: 0.3453099304284586
val_prcauc: 0.7997581002174536
val_rocauc: 0.9091639064538793
val_loss: 0.44281601905822754