prcauc: 0.61312767792308
rocauc: 0.584008487654321 