test_prcauc: 0.6252200770218392
test_rocauc: 0.5703125
test_loss: 2.4064135551452637
train_prcauc: 0.9999973418547092
train_rocauc: 0.9999859731807216
train_loss: 0.07560040760719831
val_prcauc: 0.8790782641205872
val_rocauc: 0.9292381812707016
val_loss: 0.5196394920349121