test_prcauc: 0.63863434860175
test_rocauc: 0.8590890133742808
test_loss: 0.19757211208343506
train_prcauc: 0.7458807462153114
train_rocauc: 0.9176119184971641
train_loss: 0.20308204555365336
val_prcauc: 0.6562316088652735
val_rocauc: 0.8626336898395722
val_loss: 0.21044506132602692