test_prcauc: 0.729804524130693
test_rocauc: 0.8984322423484138
test_loss: 0.2405996173620224
train_prcauc: 0.8816623355410486
train_rocauc: 0.9745677128535266
train_loss: 0.13070540837397018
val_prcauc: 0.6128957983947925
val_rocauc: 0.8084893048128342
val_loss: 0.3376077115535736