test_prcauc: 0.6219159040237805
test_rocauc: 0.5757333943663737
test_loss: 0.6350803375244141
train_prcauc: 0.8996157179926031
train_rocauc: 0.9334223589434798
train_loss: 0.3157511521180894
val_prcauc: 0.6743484982244056
val_rocauc: 0.6415000696574745
val_loss: 0.5790694355964661