test_mae: 0.688620634364585
test_rmse: 0.8621156806222534
test_loss: 0.7420707512457902
train_mae: 0.27180617669974233
train_rmse: 0.33865251217299125
train_loss: 0.1698954701423645
val_mae: 0.7060232452650864
val_rmse: 0.8885571427873604
val_loss: 0.7827382594381439