test_prcauc: 0.05370550363344259
test_rocauc: 0.6612762061913341
test_loss: 0.016512441280701458
train_prcauc: 0.034930793350925436
train_rocauc: 0.833740096517962
train_loss: 0.012205552497009987
val_prcauc: 0.06628728464492221
val_rocauc: 0.7478180936143709
val_loss: 0.015464013969447835
