test_mae: 2.8156120777130127
test_rmse: 3.777860641479492
test_loss: 2.820813298225403
train_mae: 0.49692001938819885
train_rmse: 2.1408932209014893
train_loss: 0.495779051230504
val_mae: 0.9189047813415527
val_rmse: 1.1423159837722778
val_loss: 0.7929699222246805
