test_mae: 3.3176846504211426
test_rmse: 4.116473197937012
test_loss: 3.352133572101593
train_mae: 0.5034893155097961
train_rmse: 0.7426057457923889
train_loss: 0.501541765836569
val_mae: 0.8485368490219116
val_rmse: 1.1062562465667725
val_loss: 0.7656826277573904
