test_prcauc: 0.2994173589694149
test_rocauc: 0.6195611934943283
test_loss: 0.28405649109828274
train_prcauc: 0.5403444108676619
train_rocauc: 0.8688694722636974
train_loss: 0.1642095259047451
val_prcauc: 0.3511218674265757
val_rocauc: 0.655341608209467
val_loss: 0.2771013580767053