mae: 1.002955356718956
rmse: 1.2455940338600546 