test_prcauc: 0.36619451808748904
test_rocauc: 0.6711724455137561
test_loss: 0.2935243038267925
train_prcauc: 0.5508983030587442
train_rocauc: 0.8643969520249869
train_loss: 0.14732615887207756
val_prcauc: 0.41331451160193095
val_rocauc: 0.7005231185363681
val_loss: 0.2448233109096001
