test_prcauc: 0.26524164777626613
test_rocauc: 0.7658935089515054
test_loss: 0.21577779378961115
train_prcauc: 0.9792689221595506
train_rocauc: 0.9985196921238476
train_loss: 0.04100408694604175
val_prcauc: 0.3730175140102895
val_rocauc: 0.7958216980207721
val_loss: 0.1366556541008108