test_prcauc: 0.7469047314616071
test_rocauc: 0.7906451051990958
test_loss: 1.2741595171391964
train_prcauc: 0.9696843643411899
train_rocauc: 0.9807505707762557
train_loss: 0.1863619259036169
val_prcauc: 0.9602283616107776
val_rocauc: 0.7824175824175824
val_loss: 0.9207488000392914
