test_prcauc: 0.32245917296637705
test_rocauc: 0.6350220844035771
test_loss: 1.454045623027045
train_prcauc: 0.40182175618209975
train_rocauc: 0.7682031980965188
train_loss: 0.24335008300027472
val_prcauc: 0.35605956757354457
val_rocauc: 0.6670284144976634
val_loss: 1.1182859432080696
