test_prcauc: 0.3270417833977532
test_rocauc: 0.6150277842510513
test_loss: 0.37649200240085867
train_prcauc: 0.605725363181502
train_rocauc: 0.8925353166584631
train_loss: 0.12793661582417884
val_prcauc: 0.3633861596228407
val_rocauc: 0.6629438696784479
val_loss: 0.3252712606356062
