test_mae: 2.4273667335510254
test_rmse: 3.4620070457458496
test_loss: 3.05057962735494
train_mae: 0.5386098623275757
train_rmse: 0.8207734227180481
train_loss: 0.676501688030031
val_mae: 2.311673879623413
val_rmse: 3.7352349758148193
val_loss: 1.876249631245931
