test_prcauc: 0.2992437986567417
test_rocauc: 0.5800416360434193
test_loss: 0.3182893002462701
train_prcauc: 0.4191052290612517
train_rocauc: 0.7912286165643495
train_loss: 0.19444640085358145
val_prcauc: 0.3290063054717667
val_rocauc: 0.6103098163325118
val_loss: 0.2796523526790995