test_mae: 1.1801081223986316
test_rmse: 1.6772366555290554
test_loss: 2.8131227986502916
train_mae: 0.2879091270493685
train_rmse: 0.4168325998437634
train_loss: 0.27440563837687176
val_mae: 1.0798330290116205
val_rmse: 1.36407973341442
val_loss: 1.8607135191119548