test_prcauc: 0.7302863459239152
test_rocauc: 0.7609111458876717
test_loss: 0.6964544653892517
train_prcauc: 0.9827118826708344
train_rocauc: 0.9885987442922375
train_loss: 0.3124950446476137
val_prcauc: 0.9408867950837155
val_rocauc: 0.735897435897436
val_loss: 0.6048277616500854