prcauc: 0.3317601906199104
rocauc: 0.6314402254504947 