test_prcauc: 0.0633394229008316
test_rocauc: 0.712935163492251
test_loss: 0.08375208120007485
train_prcauc: 0.8854362916587839
train_rocauc: 0.9997621050835751
train_loss: 0.01866196296860987
val_prcauc: 0.16091590567940245
val_rocauc: 0.6537493758354155
val_loss: 0.03462808371064364
