test_prcauc: 0.08804275299682196
test_rocauc: 0.7124246403773172
test_loss: 0.05830517745370096
train_prcauc: 0.6558666475300966
train_rocauc: 0.9942805379651136
train_loss: 0.034145507956652506
val_prcauc: 0.09077960265027993
val_rocauc: 0.7005315734822457
val_loss: 0.03220417149372072
