test_mae: 0.37421947717666626
test_rmse: 0.5106676816940308
test_loss: 0.37421950910772595
train_mae: 0.16722385585308075
train_rmse: 0.24644692242145538
train_loss: 0.1672238515290831
val_mae: 0.42271047830581665
val_rmse: 0.6398304104804993
val_loss: 0.4227104825632913
