test_mae: 1.0276430977287545
test_rmse: 1.2844125616484232
test_loss: 1.649715628520264
train_mae: 0.4963861711853154
train_rmse: 0.6460983314323788
train_loss: 0.7264504432678223
val_mae: 0.8263452750259797
val_rmse: 1.0534931792668734
val_loss: 1.1098478787618244