test_prcauc: 0.2879264127321541
test_rocauc: 0.7148997715198152
test_loss: 0.46016256842348313
train_prcauc: 0.4412266417073061
train_rocauc: 0.8694843945462338
train_loss: 0.17605108439779737
val_prcauc: 0.32405817171555745
val_rocauc: 0.763977185762688
val_loss: 0.334387451686241
