prcauc: 0.3978353759181464
rocauc: 0.7405365724706234
