test_prcauc: 0.4098442137974432
test_rocauc: 0.7410291248251369
test_loss: 0.20598164393470206
train_prcauc: 0.6063932093089859
train_rocauc: 0.8945717266642053
train_loss: 0.13949373827943967
val_prcauc: 0.4097447552879242
val_rocauc: 0.730619106999058
val_loss: 0.20533093610971137
