test_mae: 0.48059043288230896
test_rmse: 0.6514981389045715
test_loss: 0.48059045275052387
train_mae: 0.19328449666500092
train_rmse: 0.28113093972206116
train_loss: 0.19328449757731692
val_mae: 0.4875570833683014
val_rmse: 0.6896314024925232
val_loss: 0.4875571003981999
