test_mae: 0.49293121695518494
test_rmse: 0.6666659712791443
test_loss: 0.49293123398508343
train_mae: 0.2530721426010132
train_rmse: 1.3656073808670044
train_loss: 0.2530721483790145
val_mae: 0.5095096826553345
val_rmse: 0.6923428773880005
val_loss: 0.5095097011043912
