mae: 0.513451874256134
rmse: 0.7945750951766968
