test_prcauc: 0.1940579967816584
test_rocauc: 0.7659881419108132
test_loss: 0.14216922924799077
train_prcauc: 0.7122927338578506
train_rocauc: 0.964055258778608
train_loss: 0.08133838338765921
val_prcauc: 0.3801641691312871
val_rocauc: 0.8285016166960613
val_loss: 0.08006984871976516