test_prcauc: 0.30013970914511706
test_rocauc: 0.6168745511458769
test_loss: 0.30586328125521745
train_prcauc: 0.6411443811383013
train_rocauc: 0.9186049202511188
train_loss: 0.14391976754478067
val_prcauc: 0.3517604118119501
val_rocauc: 0.6609142273423722
val_loss: 0.3088829121286886