test_prcauc: 0.6974076362346739
test_rocauc: 0.6598186728395061
test_loss: 3.067990303039551
train_prcauc: 1.0
train_rocauc: 1.0
train_loss: 0.000232628732919693
val_prcauc: 0.9278200925932822
val_rocauc: 0.9598725480434134
val_loss: 0.49608482314007624
