test_prcauc: 0.11734229718721148
test_rocauc: 0.7897589359580052
test_loss: 0.015153374945791383
train_prcauc: 0.3555718288170684
train_rocauc: 0.9691905581167077
train_loss: 0.009056469629104889
val_prcauc: 0.1688615545808187
val_rocauc: 0.8325171727692133
val_loss: 0.013125354246805426