test_prcauc: 0.38806270761848477
test_rocauc: 0.7233291833455708
test_loss: 0.21026669866657866
train_prcauc: 0.517566439278951
train_rocauc: 0.8574704926413087
train_loss: 0.18586350981665653
val_prcauc: 0.37972136434741166
val_rocauc: 0.7194427359957091
val_loss: 0.19747249181299775