test_prcauc: 0.38731241526836
test_rocauc: 0.7386183546684145
test_loss: 0.20342366692834887
train_prcauc: 0.5157963830169076
train_rocauc: 0.851628879818694
train_loss: 0.162576527702947
val_prcauc: 0.38719965165987635
val_rocauc: 0.7291603640056438
val_loss: 0.21747939667568125
