test_mae: 0.7505630850791931
test_rmse: 0.9247260689735413
test_loss: 0.7505631148815155
train_mae: 0.6264547109603882
train_rmse: 0.8270236849784851
train_loss: 0.626454746350646
val_mae: 0.7472994327545166
val_rmse: 0.934900164604187
val_loss: 0.7472994327545166
