test_mae: 0.483465918195153
test_rmse: 0.645350066480815
test_loss: 0.42603198257192193
train_mae: 0.2999066856265524
train_rmse: 0.3861822963472855
train_loss: 0.1960476612051328
val_mae: 0.4786698146039058
val_rmse: 0.6529281661748542
val_loss: 0.4432440478112383