mae: 0.48581343444874353
rmse: 0.6506715344477438 