mae: 0.8853133717701499
rmse: 1.1213202849514643 