test_mae: 0.5173671245574951
test_rmse: 0.6866620779037476
test_loss: 0.5173671415873936
train_mae: 0.23171629011631012
train_rmse: 0.32939472794532776
train_loss: 0.23171628599188157
val_mae: 0.4644399881362915
val_rmse: 0.6178137063980103
val_loss: 0.4644400562558855
