test_prcauc: 0.19682679046411727
test_rocauc: 0.6920759381216322
test_loss: 0.2383162664139972
train_prcauc: 0.975406492932771
train_rocauc: 0.9979955766075472
train_loss: 0.04447051074401254
val_prcauc: 0.3432306334470021
val_rocauc: 0.7980201597099745
val_loss: 0.10682771004298154