test_prcauc: 0.4800445124439484
test_rocauc: 0.8414990224870299
test_loss: 0.11971125598339473
train_prcauc: 0.6909547898871534
train_rocauc: 0.9601656348125902
train_loss: 0.083243933699255
val_prcauc: 0.4481704495053151
val_rocauc: 0.8451107974917499
val_loss: 0.13139252233154633