test_prcauc: 0.32916242752486763
test_rocauc: 0.6323565453827386
test_loss: 0.3567883180596392
train_prcauc: 0.6150532158175847
train_rocauc: 0.9062497840263901
train_loss: 0.1551860097120199
val_prcauc: 0.36536250016501065
val_rocauc: 0.66348205732408
val_loss: 0.2902536835003866