test_prcauc: 0.7464283112356389
test_rocauc: 0.7676925752043122
test_loss: 0.9925448894500732
train_prcauc: 0.9783283598556425
train_rocauc: 0.984851598173516
train_loss: 0.2671797693092185
val_prcauc: 0.9373431692934897
val_rocauc: 0.6783882783882783
val_loss: 1.6219087839126587