test_prcauc: 0.7384345101755927
test_rocauc: 0.6741898148148148
test_loss: 1.3333207368850708
train_prcauc: 0.9940014086337442
train_rocauc: 0.9715255568647254
train_loss: 0.20059345860376454
val_prcauc: 0.8791561139086508
val_rocauc: 0.9422864599016361
val_loss: 0.4444546401500702