test_prcauc: 0.32261006751907334
test_rocauc: 0.6207525954430687
test_loss: 0.37326966285588065
train_prcauc: 0.6778258965300418
train_rocauc: 0.9328955518679262
train_loss: 0.14175655077674412
val_prcauc: 0.3715305920207048
val_rocauc: 0.6685460603287486
val_loss: 0.3026273443702838