test_prcauc: 0.6343713823099043
test_rocauc: 0.5920252389967133
test_OGBNanLabelloss: 0.5391845371988084
train_prcauc: 0.8181076398291617
train_rocauc: 0.8704153490765054
train_OGBNanLabelloss: 0.35506531596183777
val_prcauc: 0.6533807870989728
val_rocauc: 0.5960753042271294
val_OGBNanLabelloss: 0.5547304087214999
