prcauc: 0.6349381920093664
rocauc: 0.6115903399539682
