prcauc: 0.8611570241311818
rocauc: 0.8740075037082279
