test_prcauc: 0.8548339847949218
test_rocauc: 0.8823401099380508
test_loss: 0.5240412320603024
train_prcauc: 0.9963448911931589
train_rocauc: 0.9962928909581752
train_loss: 0.09295239876354894
val_prcauc: 0.8289266292928524
val_rocauc: 0.9130122858936418
val_loss: 0.45712044496427884
