test_prcauc: 0.6219879299699369
test_rocauc: 0.6219484792358432
test_loss: 0.5640325546264648
train_prcauc: 0.7775967608379325
train_rocauc: 0.814140802039904
train_loss: 0.42665479130718964
val_prcauc: 0.6794634554470266
val_rocauc: 0.6603682337543059
val_loss: 0.5087674856185913