test_prcauc: 0.10508832174320272
test_rocauc: 0.7308458944111536
test_loss: 0.014866421857025976
train_prcauc: 0.12589141134035206
train_rocauc: 0.8882581660654663
train_loss: 0.011297458054634777
val_prcauc: 0.04019779680356019
val_rocauc: 0.7565054419196815
val_loss: 0.015995666254123464