test_mae: 2.0505943499878048
test_rmse: 2.684789401754493
test_loss: 7.208094131773249
train_mae: 0.5229970292691615
train_rmse: 0.668994999180032
train_loss: 0.9382880926132202
val_mae: 2.286649558618665
val_rmse: 3.233184993731264
val_loss: 10.453485203689034