prcauc: 0.8406522074357481
rocauc: 0.8417666492783864 