test_prcauc: 0.14128675275877298
test_rocauc: 0.7725343782295283
test_loss: 0.018430352635340725
train_prcauc: 0.634859420915693
train_rocauc: 0.9919278907082476
train_loss: 0.006631146998022185
val_prcauc: 0.17762388510247823
val_rocauc: 0.8089012798884324
val_loss: 0.0148439149459882