test_prcauc: 0.9771186982453348
test_rocauc: 0.9351416515973479
test_loss: 0.2972226142883301
train_prcauc: 0.9944336231127608
train_rocauc: 0.9832822917750957
train_loss: 0.1677943457103754
val_prcauc: 0.9496473141242017
val_rocauc: 0.8962028985507247
val_loss: 0.42033860087394714