test_mae: 0.7827154994010925
test_rmse: 1.0465333461761475
test_loss: 0.776389829814434
train_mae: 0.1229458674788475
train_rmse: 0.20671483874320984
train_loss: 0.12278094320841458
val_mae: 0.7327319383621216
val_rmse: 0.960536003112793
val_loss: 0.7217255607247353
