test_prcauc: 0.6582215621447415
test_rocauc: 0.6408179012345679
test_loss: 2.843460406575884
train_prcauc: 1.0
train_rocauc: 1.0
train_loss: 0.00013345621767009354
val_prcauc: 0.9413630645088935
val_rocauc: 0.9610674101364134
val_loss: 0.4994525713596626
