test_mae: 0.42710548639297485
test_rmse: 0.5777940154075623
test_loss: 0.418535719315211
train_mae: 0.3006795644760132
train_rmse: 0.43572843074798584
train_loss: 0.3000415872644495
val_mae: 0.464680552482605
val_rmse: 0.661605179309845
val_loss: 0.4677497049172719
