test_prcauc: 0.3606100441836
test_rocauc: 0.7594589170373794
test_OGBNanLabelloss: 0.26302776678844736
train_prcauc: 0.6427670118032146
train_rocauc: 0.9265312506879227
train_OGBNanLabelloss: 0.13346734129641044
val_prcauc: 0.39100281536921266
val_rocauc: 0.8029427087232263
val_OGBNanLabelloss: 0.24599361737017278
