test_prcauc: 0.40714131215363836
test_rocauc: 0.7485595883756267
test_loss: 0.2057043651825395
train_prcauc: 0.6083144846065685
train_rocauc: 0.8944283190211625
train_loss: 0.1390573661774397
val_prcauc: 0.41787602370017396
val_rocauc: 0.7372342652608618
val_loss: 0.2064753084860999
