test_prcauc: 0.6464011861090428
test_rocauc: 0.619212962962963
test_loss: 1.5467431800706046
train_prcauc: 0.9992063687499935
train_rocauc: 0.9959852569714339
train_loss: 0.08443170853636482
val_prcauc: 0.9524636682058418
val_rocauc: 0.9702280195160808
val_loss: 0.3662744417254414
