prcauc: 0.18876674916293062
rocauc: 0.7689932211900579
