test_mae: 0.6151945361384248
test_rmse: 0.858009247667696
test_loss: 0.7361798690832856
train_mae: 0.3876891635527625
train_rmse: 0.4930500373693312
train_loss: 0.509677787621816
val_mae: 0.5454136054060195
val_rmse: 0.7284757901873853
val_loss: 0.5306769768891353