test_mae: 0.8589035868644714
test_rmse: 1.0797499418258667
test_loss: 0.8573972582817078
train_mae: 0.5604484677314758
train_rmse: 0.7570773959159851
train_loss: 0.5465124999323199
val_mae: 0.8503814339637756
val_rmse: 1.1694124937057495
val_loss: 0.839201420545578
