test_prcauc: 0.33697499085790045
test_rocauc: 0.7200432874476487
test_loss: 0.2581686565408511
train_prcauc: 0.6988565847816616
train_rocauc: 0.9376079690013105
train_loss: 0.14303077461663422
val_prcauc: 0.3641635550362495
val_rocauc: 0.7846673399447684
val_loss: 0.28844868997789713