prcauc: 0.3240091182093147
rocauc: 0.6289300266702124 