test_prcauc: 0.16761715720315543
test_rocauc: 0.7689451817135774
test_loss: 0.017799459513857207
train_prcauc: 0.6573829647307046
train_rocauc: 0.9903008401000167
train_loss: 0.004726811427124365
val_prcauc: 0.17478511874293004
val_rocauc: 0.7632598693285424
val_loss: 0.01259478084368276
