test_prcauc: 0.08432962841508611
test_rocauc: 0.773773139821546
test_loss: 0.015302475069486137
train_prcauc: 0.16878141440919459
train_rocauc: 0.9212778465020276
train_loss: 0.04651534707591724
val_prcauc: 0.12372457247238451
val_rocauc: 0.775874240105537
val_loss: 0.01559613739914019
