test_mae: 0.8181246620370436
test_rmse: 1.2808065057578315
test_loss: 1.6404653051915858
train_mae: 0.4403913619740824
train_rmse: 0.5946435366961281
train_loss: 0.8552636206150055
val_mae: 0.7494504887968535
val_rmse: 1.0533619924140247
val_loss: 1.1095714870624436