test_prcauc: 0.6134375597849233
test_rocauc: 0.5378622967043422
test_loss: 0.6635574698448181
train_prcauc: 0.8310872058397372
train_rocauc: 0.8730036369531083
train_loss: 0.39553529588316066
val_prcauc: 0.6694321502861869
val_rocauc: 0.6288777780865691
val_loss: 0.5624604225158691