test_prcauc: 0.6319591704379006
test_rocauc: 0.8472117957807667
test_loss: 0.2366040162742138
train_prcauc: 0.999967522548725
train_rocauc: 0.9995345140781108
train_loss: 0.018497841348289513
val_prcauc: 0.848067961699398
val_rocauc: 0.9730539413638005
val_loss: 0.07683654655702413
