test_prcauc: 0.7460156527468397
test_rocauc: 0.7588245522517822
test_loss: 0.6005174517631531
train_prcauc: 0.8168128493842292
train_rocauc: 0.878538812785388
train_loss: 0.43879374073348976
val_prcauc: 0.9383318773983406
val_rocauc: 0.7021978021978023
val_loss: 0.454118549823761