test_mae: 0.5094373822212219
test_rmse: 0.6763216853141785
test_loss: 0.5667985578378042
train_mae: 0.7847088575363159
train_rmse: 6.670410633087158
train_loss: 0.7527193137341075
val_mae: 0.7457650899887085
val_rmse: 1.1813989877700806
val_loss: 0.7668688297271729
