test_prcauc: 0.2925580272040593
test_rocauc: 0.7327863940673042
test_loss: 0.30256626744374493
train_prcauc: 0.6733026952197115
train_rocauc: 0.9328234785242651
train_loss: 0.12987854542229643
val_prcauc: 0.3245709243735133
val_rocauc: 0.7572455526747378
val_loss: 0.3178944754907545