test_prcauc: 0.8456501340124417
test_rocauc: 0.7562296858071507
test_loss: 0.8912697434425354
train_prcauc: 0.9723743693695782
train_rocauc: 0.9778461427748992
train_loss: 0.25094711036506856
val_prcauc: 0.44494108688071565
val_rocauc: 0.7563424947145878
val_loss: 1.0282280445098877