test_mae: 0.5754943246507929
test_rmse: 0.7605764704507628
test_loss: 0.5710850009336481
train_mae: 0.31837654097174245
train_rmse: 0.4110356145572841
train_loss: 0.22160714864730835
val_mae: 0.5683931744240579
val_rmse: 0.7389827537965843
val_loss: 0.5409342604414626