test_mae: 0.5373145341873169
test_rmse: 0.7111165523529053
test_loss: 0.5373145427022662
train_mae: 0.24503938853740692
train_rmse: 0.33227378129959106
train_loss: 0.2450394101795696
val_mae: 0.5278180837631226
val_rmse: 0.7064741253852844
val_loss: 0.5278180890849659
