test_mae: 0.7903615892334322
test_rmse: 1.0558447615862476
test_loss: 1.11480816056912
train_mae: 0.2831624763830256
train_rmse: 0.3941712725158553
train_loss: 0.2924298606812954
val_mae: 0.7618768759628313
val_rmse: 0.9197054962188332
val_loss: 0.8458581997751302