test_prcauc: 0.728494680507619
test_rocauc: 0.7828203790645105
test_loss: 1.1355442603429158
train_prcauc: 0.6908384250899854
train_rocauc: 0.7860102739726027
train_loss: 0.5564455448127374
val_prcauc: 0.9595695427400476
val_rocauc: 0.7593406593406593
val_loss: 0.8277676701545715
