test_prcauc: 0.3745185783253319
test_rocauc: 0.7532241993459815
test_loss: 0.25039400991423527
train_prcauc: 0.6843160697627546
train_rocauc: 0.9363615513412128
train_loss: 0.14438370266649925
val_prcauc: 0.3811048772462031
val_rocauc: 0.7871125444999464
val_loss: 0.27848500301097423