test_prcauc: 0.5188974825458703
test_rocauc: 0.5651079136690648
test_loss: 0.5097564458847046
train_prcauc: 0.6242640882599199
train_rocauc: 0.8238108971944231
train_loss: 0.3407057698554067
val_prcauc: 0.5850399151425965
val_rocauc: 0.8953856003151778
val_loss: 0.4213341474533081