test_prcauc: 0.6479339680960888
test_rocauc: 0.8039665145166897
test_loss: 0.26731777377426624
train_prcauc: 0.9617534174049842
train_rocauc: 0.9912535299201076
train_loss: 0.08196097660277571
val_prcauc: 0.854233656317789
val_rocauc: 0.9490653008129311
val_loss: 0.13100983202457428
