test_mae: 1.8993245657086368
test_rmse: 2.4631287939480826
test_loss: 6.067003455576136
train_mae: 0.6517766750288889
train_rmse: 0.8709611379122404
train_loss: 1.0312145948410034
val_mae: 1.020418103323563
val_rmse: 1.4346717639553166
val_loss: 2.05828307029066