test_mae: 1.252317971485906
test_rmse: 1.6496928783409595
test_loss: 2.7214865928488785
train_mae: 0.36867860316753914
train_rmse: 0.4803090978944523
train_loss: 0.40002071112394333
val_mae: 1.247614180147648
val_rmse: 1.519324598193306
val_loss: 2.3083472346752507