prcauc: 0.2556987920389135
rocauc: 0.7365485040538798
