test_prcauc: 0.2650659180715443
test_rocauc: 0.7500302364728507
test_loss: 0.3938912536316323
train_prcauc: 0.6378531368315628
train_rocauc: 0.9297979871675776
train_loss: 0.12231098257811965
val_prcauc: 0.3138429457982798
val_rocauc: 0.7795265724583306
val_loss: 0.3399625802939793
