test_prcauc: 0.3556434045115735
test_rocauc: 0.745256288971584
test_loss: 0.2337728172683965
train_prcauc: 0.5751171381484604
train_rocauc: 0.9013609226267049
train_loss: 0.1594093652538068
val_prcauc: 0.37685053073299435
val_rocauc: 0.7827536393692275
val_loss: 0.2477214139989778