test_prcauc: 0.5890480816778804
test_rocauc: 0.6933329999384502
test_loss: 0.3396546244621277
train_prcauc: 0.8234707159733223
train_rocauc: 0.9583738665072725
train_loss: 0.12898935515609405
val_prcauc: 0.622750989821104
val_rocauc: 0.8100650042625747
val_loss: 0.28605905175209045