test_prcauc: 0.15089725045015953
test_rocauc: 0.7401053524681726
test_loss: 0.11630653686821461
train_prcauc: 0.6610609407027384
train_rocauc: 0.9487945864104566
train_loss: 0.09427276006246939
val_prcauc: 0.26569990152082335
val_rocauc: 0.7324271177976154
val_loss: 0.12843357853591442