test_prcauc: 0.3116261330808557
test_rocauc: 0.7544295173448229
test_loss: 0.3534619796089828
train_prcauc: 0.562455369240845
train_rocauc: 0.9208071405956176
train_loss: 0.3798001122767808
val_prcauc: 0.3138763094346426
val_rocauc: 0.7736795984697106
val_loss: 0.2886484803631902
