test_prcauc: 0.6021663258657289
test_rocauc: 0.5954366342998406
test_loss: 0.6764417588710785
train_prcauc: 0.7868887566064949
train_rocauc: 0.8286732341164997
train_loss: 0.41971636297915405
val_prcauc: 0.6664701902649346
val_rocauc: 0.6542016687941369
val_loss: 0.5244782269001007