test_mae: 0.7595766186714172
test_rmse: 0.952873945236206
test_loss: 0.7595766484737396
train_mae: 0.22155249118804932
train_rmse: 0.2973867356777191
train_loss: 0.2215524950463857
val_mae: 0.740470290184021
val_rmse: 0.9335014820098877
val_loss: 0.7404702476092747
