test_prcauc: 0.4930264118342975
test_rocauc: 0.8551075192667444
test_OGBNanLabelloss: 0.19167818515389054
train_prcauc: 0.6574905804468668
train_rocauc: 0.9361536124677462
train_OGBNanLabelloss: 0.1435243017329839
val_prcauc: 0.5155133767888626
val_rocauc: 0.8703734793182386
val_OGBNanLabelloss: 0.19456768063483415
