prcauc: 0.3139560088121761
rocauc: 0.7576816856254466
