test_prcauc: 0.1959660515520777
test_rocauc: 0.7506324957994553
test_loss: 0.424773456218342
train_prcauc: 0.4860856502148938
train_rocauc: 0.9025874323819475
train_loss: 0.1676902901355785
val_prcauc: 0.2696235330891748
val_rocauc: 0.8293528316676464
val_loss: 0.9653839134759661
