test_mae: 0.5181820423003463
test_rmse: 0.6837528009502661
test_loss: 0.4797962369224019
train_mae: 0.3368625258592859
train_rmse: 0.43115936080495
train_loss: 0.2250160053372383
val_mae: 0.4986691824602229
val_rmse: 0.6680868485608245
val_loss: 0.44034154664784886