test_mae: 0.726244330406189
test_rmse: 0.9803485870361328
test_loss: 0.7161454260349274
train_mae: 0.1775672286748886
train_rmse: 0.27418896555900574
train_loss: 0.1833401500530865
val_mae: 0.6845989227294922
val_rmse: 0.898011326789856
val_loss: 0.6779576614499092
