test_prcauc: 0.45486879046198414
test_rocauc: 0.8286693213203694
test_loss: 0.21743780995172046
train_prcauc: 0.764193465761413
train_rocauc: 0.9565205835921659
train_loss: 0.13370472445299184
val_prcauc: 0.4544270669117784
val_rocauc: 0.8414317095979685
val_loss: 0.20702970098556844