test_prcauc: 0.729261159311213
test_rocauc: 0.9403337132725431
test_loss: 0.17550825206562876
train_prcauc: 0.9412218444738278
train_rocauc: 0.989304555156812
train_loss: 0.0919404687359929
val_prcauc: 0.7853456118907971
val_rocauc: 0.9135856728349284
val_loss: 0.19373695366084576
