test_prcauc: 0.12920321185657685
test_rocauc: 0.7342938256822265
test_loss: 0.18145362222019365
train_prcauc: 0.9473240635390635
train_rocauc: 0.9962900546357554
train_loss: 0.05291377207544512
val_prcauc: 0.2933034148767428
val_rocauc: 0.8213642710170488
val_loss: 0.10752622147693354