test_prcauc: 0.8351014783580184
test_rocauc: 0.8264649626151974
test_loss: 0.7770821452140808
train_prcauc: 0.9387291721707045
train_rocauc: 0.9551398401826484
train_loss: 0.35601763052821045
val_prcauc: 0.9422920918760996
val_rocauc: 0.7197802197802198
val_loss: 1.1439090967178345