test_prcauc: 0.027899351391081968
test_rocauc: 0.735167368961613
test_loss: 0.012411240777023332
train_prcauc: 0.08534073736143337
train_rocauc: 0.8072648751001124
train_loss: 0.013193118282995152
val_prcauc: 0.04519546621621396
val_rocauc: 0.7358447556286193
val_loss: 0.013577382739077791