test_mae: 1.9998509883880615
test_rmse: 2.4868593215942383
test_loss: 2.2771500746409097
train_mae: 0.6232926845550537
train_rmse: 0.8820455074310303
train_loss: 0.6107393685314391
val_mae: 2.418839931488037
val_rmse: 3.3417418003082275
val_loss: 2.522025187810262
