mae: 16.146839141845703
rmse: 85.1903305053711
