test_mae: 3.108027458190918
test_rmse: 4.269533157348633
test_loss: 3.1232680678367615
train_mae: 0.304634153842926
train_rmse: 0.568507194519043
train_loss: 0.30454744283969587
val_mae: 0.8652980327606201
val_rmse: 1.1047815084457397
val_loss: 0.7768647869427999
