test_mae: 0.49265700578689575
test_rmse: 0.6909240484237671
test_loss: 0.5112947920958201
train_mae: 0.40283203125
train_rmse: 0.6161051392555237
train_loss: 0.39133747004800373
val_mae: 0.5842730402946472
val_rmse: 0.8745372891426086
val_loss: 0.5295586585998535
