prcauc: 0.16835181660212775
rocauc: 0.7323818536472315 