prcauc: 0.739825268656884
rocauc: 0.6868248456790124 