mae: 0.5329607671002546
rmse: 0.6998221297370285 