test_mae: 0.5344696487159956
test_rmse: 0.706196304729708
test_loss: 0.48334538694497164
train_mae: 0.2935470297443459
train_rmse: 0.379498273539095
train_loss: 0.20425447821617126
val_mae: 0.5336253621244713
val_rmse: 0.7194038991099115
val_loss: 0.5037437801717493