test_prcauc: 0.8676140882646233
test_rocauc: 0.8835328875758047
test_loss: 0.48972684144973755
train_prcauc: 0.9937771489559923
train_rocauc: 0.9942453128594433
train_loss: 0.12811614407433403
val_prcauc: 0.8642296814914245
val_rocauc: 0.9018308080808081
val_loss: 0.4233914725482464
