prcauc: 0.8478945565455274
rocauc: 0.8707821489659462
