test_prcauc: 0.35861196472720475
test_rocauc: 0.7430869846145329
test_loss: 0.24298909669965285
train_prcauc: 0.5269762350962854
train_rocauc: 0.8841239101648002
train_loss: 0.1679761438075267
val_prcauc: 0.3695228809268798
val_rocauc: 0.7823418656731812
val_loss: 0.2639941547847757