test_mae: 0.4169797897338867
test_rmse: 0.5898371338844299
test_loss: 0.41697979541051955
train_mae: 0.1778445541858673
train_rmse: 0.2628718316555023
train_loss: 0.17784456551379088
val_mae: 0.4129936099052429
val_rmse: 0.5759330987930298
val_loss: 0.41299364396503996
