test_prcauc: 0.3744032866071607
test_rocauc: 0.7188267714226781
test_loss: 0.20693067322363778
train_prcauc: 0.5179550416180855
train_rocauc: 0.8594416988976674
train_loss: 0.1849332893830988
val_prcauc: 0.3780396047575118
val_rocauc: 0.7218451671329331
val_loss: 0.18949086785901792