mae: 0.7077736323334507
rmse: 1.0392592704092518 