test_mae: 0.7110989877427976
test_rmse: 1.024359390963643
test_loss: 1.0493121618554058
train_mae: 0.4154192819811354
train_rmse: 0.5481103964734216
train_loss: 0.5373849272727966
val_mae: 0.7044967243498876
val_rmse: 1.1178013656930101
val_loss: 1.2494798931451587