prcauc: 0.6629436750371674
rocauc: 0.8475367532061306
