prcauc: 0.7103069017870285
rocauc: 0.8881468738053035
