prcauc: 0.712695651607369
rocauc: 0.6433256172839505 