test_mae: 2.802665948867798
test_rmse: 3.5403778553009033
test_loss: 2.571567177772522
train_mae: 1.5647364854812622
train_rmse: 2.204338312149048
train_loss: 1.5658192104763455
val_mae: 2.7320337295532227
val_rmse: 3.633648633956909
val_loss: 3.081425587336222
