test_mae: 2.0346341296099126
test_rmse: 2.754298039051558
test_loss: 7.586157687923258
train_mae: 0.512062747094146
train_rmse: 0.6687687308964937
train_loss: 1.0163158178329468
val_mae: 2.6644098399952054
val_rmse: 3.6868306884033597
val_loss: 13.59272052495279