test_mae: 0.802548750523449
test_rmse: 1.2662540768183523
test_loss: 1.6033993870590975
train_mae: 0.44821193043852603
train_rmse: 0.6136561606642064
train_loss: 0.7792848348617554
val_mae: 0.5981455357853821
val_rmse: 0.8316895815465168
val_loss: 0.6917075600530204