mae: 0.7922015115018038
rmse: 1.2648532098679224 