mae: 0.8242683057262835
rmse: 1.1088442450556617 