test_prcauc: 0.7477133896923296
test_rocauc: 0.6884645061728396
test_loss: 1.1152955293655396
train_prcauc: 0.9698600935731936
train_rocauc: 0.885449980362453
train_loss: 0.3613435961365911
val_prcauc: 0.8123035602614892
val_rocauc: 0.9191006724882064
val_loss: 0.37787309288978577