test_mae: 0.399321585893631
test_rmse: 0.5955730080604553
test_loss: 0.3993216341450101
train_mae: 0.08105017244815826
train_rmse: 0.12573368847370148
train_loss: 0.0810501792905282
val_mae: 0.4115787744522095
val_rmse: 0.5844596028327942
val_loss: 0.4115787744522095
