test_mae: 0.7912507653236389
test_rmse: 1.224010944366455
test_loss: 0.7777179256081581
train_mae: 0.2569800615310669
train_rmse: 0.42387667298316956
train_loss: 0.25495912264222687
val_mae: 0.7475540637969971
val_rmse: 0.9916564226150513
val_loss: 0.7405329719185829
