test_prcauc: 0.7975970346964655
test_rocauc: 0.9568784827760891
test_loss: 0.8837942817714065
train_prcauc: 0.8860424927853663
train_rocauc: 0.9749888318395576
train_loss: 0.11473737247288227
val_prcauc: 0.8368432498541074
val_rocauc: 0.9407462898200467
val_loss: 0.16021687015891076
