test_mae: 0.9527866350829074
test_rmse: 1.1902118010467402
test_loss: 1.4166041313509252
train_mae: 0.3288685841097948
train_rmse: 0.4261720707421441
train_loss: 0.41418517380952835
val_mae: 0.9092953082476043
val_rmse: 1.1116354795696912
val_loss: 1.2357334394381372