prcauc: 0.7242585940497939
rocauc: 0.7076581790123457
