test_mae: 0.6520569920539856
test_rmse: 0.8337896466255188
test_loss: 0.6520570261137826
train_mae: 0.43007466197013855
train_rmse: 0.5784167051315308
train_loss: 0.4300746175327471
val_mae: 0.6250059604644775
val_rmse: 0.7872368097305298
val_loss: 0.6250059753656387
