test_prcauc: 0.6358490666784502
test_rocauc: 0.6038903976304504
test_loss: 0.5393311381340027
train_prcauc: 0.7765953803016385
train_rocauc: 0.8109311694954429
train_loss: 0.4380322569742159
val_prcauc: 0.6686578033669178
val_rocauc: 0.6197284514577622
val_loss: 0.5053204894065857