test_prcauc: 0.6247072434622841
test_rocauc: 0.5645048605445064
test_loss: 17.166722464561463
train_prcauc: 0.8525614084475464
train_rocauc: 0.9061654872993317
train_loss: 0.3305433806445863
val_prcauc: 0.6597578668202325
val_rocauc: 0.6030962563587784
val_loss: 13.866224730014801
