test_prcauc: 0.30963956679596566
test_rocauc: 0.619840477657075
test_loss: 0.28299783843456566
train_prcauc: 0.530280377373722
train_rocauc: 0.868677978362417
train_loss: 0.1644892418894491
val_prcauc: 0.3508930448092598
val_rocauc: 0.6589552463594942
val_loss: 0.27562938261045905