test_mae: 0.7423519418331294
test_rmse: 1.1038112325233465
test_loss: 1.2183992370447092
train_mae: 0.46831663837754794
train_rmse: 0.5963308102137964
train_loss: 0.5998903810977936
val_mae: 0.8221297911424486
val_rmse: 1.1781627273170674
val_loss: 1.3880674120391903