mae: 0.7391866779785891
rmse: 1.1035924765471605 