prcauc: 0.7420258357796571
rocauc: 0.9120329913880446
