test_prcauc: 0.7909280186594991
test_rocauc: 0.9467309397163121
test_OGBNanLabelloss: 0.13675335543812253
train_prcauc: 0.9687367296705736
train_rocauc: 0.9938896421110504
train_OGBNanLabelloss: 0.05486710029654205
val_prcauc: 0.7711051140747158
val_rocauc: 0.9131516107457502
val_OGBNanLabelloss: 0.18728378489613534
