test_mae: 0.8201834710641246
test_rmse: 1.0912089170026165
test_loss: 1.190736900546023
train_mae: 0.24760216127073062
train_rmse: 0.32871198351635456
train_loss: 0.25869492068886757
val_mae: 0.8134285145586572
val_rmse: 0.9775825648242626
val_loss: 0.9556676710483837