test_prcauc: 0.5605125749013299
test_rocauc: 0.6851234010891589
test_loss: 0.5837810784578323
train_prcauc: 0.8509072954164769
train_rocauc: 0.9628518388605782
train_loss: 0.11315931835399386
val_prcauc: 0.5736106309907137
val_rocauc: 0.6859963141551588
val_loss: 0.5059712380170822