test_prcauc: 0.6019749158415231
test_rocauc: 0.5965950832115929
test_loss: 0.6139433979988098
train_prcauc: 0.7914959664252085
train_rocauc: 0.8327515268579018
train_loss: 0.4164710949629404
val_prcauc: 0.6790631159313478
val_rocauc: 0.6435491787902793
val_loss: 0.5177278518676758