prcauc: 0.8121239296608671
rocauc: 0.8546339766997043
