test_prcauc: 0.12626714458180163
test_rocauc: 0.7142490198729213
test_loss: 0.1541578703943421
train_prcauc: 0.6603639993607685
train_rocauc: 0.9334720201409631
train_loss: 0.09731823868373124
val_prcauc: 0.30361342568063443
val_rocauc: 0.8215694199490496
val_loss: 0.0812684227438534