test_prcauc: 0.4663199579379269
test_rocauc: 0.8545368404713459
test_loss: 0.2688097029924393
train_prcauc: 0.5880573340061449
train_rocauc: 0.917093774507614
train_loss: 0.16091271217077807
val_prcauc: 0.46173634061546287
val_rocauc: 0.8377097684319182
val_loss: 0.19600876308977605
