test_prcauc: 0.3261960491611562
test_rocauc: 0.7101973377189839
test_loss: 0.2923024699007626
train_prcauc: 0.7489838365472202
train_rocauc: 0.9558889606523725
train_loss: 0.13676795848858356
val_prcauc: 0.3732383311160725
val_rocauc: 0.7690284114022298
val_loss: 0.3191207041911145