test_prcauc: 0.46593484374399824
test_rocauc: 0.7635158039976575
test_OGBNanLabelloss: 0.20685669959619127
train_prcauc: 0.6506614657793705
train_rocauc: 0.9085704268529821
train_OGBNanLabelloss: 0.12865916151537124
val_prcauc: 0.4340173270647282
val_rocauc: 0.7501277539532146
val_OGBNanLabelloss: 0.19972370539245934
