test_mae: 0.8511243351824145
test_rmse: 1.0955019121660825
test_loss: 1.2001244395595432
train_mae: 0.34048358947023527
train_rmse: 0.48178578911733266
train_loss: 0.4360801503062248
val_mae: 0.7959295470107942
val_rmse: 1.0447333620435166
val_loss: 1.0914677977667497