mae: 0.8538774197645048
rmse: 1.0959699408203087 