test_prcauc: 0.7954672376185425
test_rocauc: 0.7829942618675012
test_loss: 2.1377527713775635
train_prcauc: 1.0
train_rocauc: 1.0
train_loss: 0.08157803562188942
val_prcauc: 0.926099433520603
val_rocauc: 0.6608058608058608
val_loss: 3.1651246547698975