test_prcauc: 0.7125242744856684
test_rocauc: 0.9303468528368795
test_loss: 0.18457182552665471
train_prcauc: 0.9384373485914849
train_rocauc: 0.9883971379574539
train_loss: 0.07848179352780184
val_prcauc: 0.8331491196302208
val_rocauc: 0.9404456565975974
val_loss: 0.13976710066199302
