test_prcauc: 0.085473324928517
test_rocauc: 0.7467306793599146
test_loss: 0.021964228308440862
train_prcauc: 0.27300513560960715
train_rocauc: 0.9438396463841224
train_loss: 0.010866812850987756
val_prcauc: 0.13918022119028894
val_rocauc: 0.7735519222502021
val_loss: 0.017449682619914315
