test_prcauc: 0.7448635663588838
test_rocauc: 0.7944705268648931
test_loss: 1.3571157765885193
train_prcauc: 0.9954794549883345
train_rocauc: 0.9969891552511415
train_loss: 0.07756288176993044
val_prcauc: 0.9575663343851022
val_rocauc: 0.7849816849816851
val_loss: 0.9639584819475809
