test_prcauc: 0.4354334527744196
test_rocauc: 0.7552167223782601
test_loss: 0.20531013157478598
train_prcauc: 0.6199768499566319
train_rocauc: 0.899587429554113
train_loss: 0.1348311076802549
val_prcauc: 0.43042652631918243
val_rocauc: 0.7430883011587284
val_loss: 0.20465278348257376
