test_mae: 0.43807724118232727
test_rmse: 0.6274254322052002
test_loss: 0.43807722308806013
train_mae: 0.12279529869556427
train_rmse: 0.18268586695194244
train_loss: 0.12279530561396054
val_mae: 0.39210087060928345
val_rmse: 0.5326068997383118
val_loss: 0.3921008493219103
