test_prcauc: 0.30932115509855257
test_rocauc: 0.7808628962874706
test_loss: 0.2860919156264175
train_prcauc: 0.5463427815927672
train_rocauc: 0.8991447366062145
train_loss: 0.09629972988031216
val_prcauc: 0.3001002065523129
val_rocauc: 0.764920766211542
val_loss: 0.13156581255183977
