test_prcauc: 0.3175646383314965
test_rocauc: 0.6209297975643736
test_OGBNanLabelloss: 0.3091906704779329
train_prcauc: 0.37870849098030096
train_rocauc: 0.7522383297904001
train_OGBNanLabelloss: 0.1956825316863289
val_prcauc: 0.36815897811184434
val_rocauc: 0.6657084557685382
val_OGBNanLabelloss: 0.27225753048370627
