test_prcauc: 0.16966925656022028
test_rocauc: 0.7117615249425443
test_loss: 0.13457009229151642
train_prcauc: 0.5405632859487983
train_rocauc: 0.9113142799525776
train_loss: 0.111385583102382
val_prcauc: 0.28416282848067687
val_rocauc: 0.8166458455810308
val_loss: 0.07654938244206064