test_prcauc: 0.048414121231236826
test_rocauc: 0.7642774257351781
test_loss: 0.012838902833202551
train_prcauc: 0.14754671536269637
train_rocauc: 0.9003496738751278
train_loss: 0.011650598708777361
val_prcauc: 0.07110614174868471
val_rocauc: 0.7990846148097113
val_loss: 0.013546845338433245