test_mae: 0.5004106760025024
test_rmse: 0.695746660232544
test_loss: 0.5004107036760875
train_mae: 0.19357402622699738
train_rmse: 0.27868586778640747
train_loss: 0.1935740449199719
val_mae: 0.44933605194091797
val_rmse: 0.612666130065918
val_loss: 0.449336086000715
