test_mae: 0.5263569355010986
test_rmse: 0.7021408677101135
test_loss: 0.5263569844620568
train_mae: 0.2687613368034363
train_rmse: 0.37512636184692383
train_loss: 0.2687613262927958
val_mae: 0.471475750207901
val_rmse: 0.6200212836265564
val_loss: 0.47147575872285025
