test_prcauc: 0.7422777668380272
test_rocauc: 0.7045731177186576
test_loss: 1.0332173109054565
train_prcauc: 0.671370574649673
train_rocauc: 0.7658875570776256
train_loss: 0.6147317276419847
val_prcauc: 0.9379968205918812
val_rocauc: 0.7018315018315019
val_loss: 1.5096856355667114