test_prcauc: 0.6901585536813271
test_rocauc: 0.6726466049382717
test_loss: 2.504264627184187
train_prcauc: 1.0
train_rocauc: 1.0
train_loss: 0.006023433550514958
val_prcauc: 0.9268157439830831
val_rocauc: 0.9646519964154137
val_loss: 0.4303806019680841
