test_prcauc: 0.3621478160604394
test_rocauc: 0.7429327083083691
test_loss: 0.2568805389656309
train_prcauc: 0.719658934709749
train_rocauc: 0.9455808260152333
train_loss: 0.13650541282123238
val_prcauc: 0.3993083666132134
val_rocauc: 0.7929978513304982
val_loss: 0.2733589625524665