test_prcauc: 0.7330514806095635
test_rocauc: 0.7565640758129022
test_loss: 0.7790799637635549
train_prcauc: 0.6005647067752745
train_rocauc: 0.7411558219178083
train_loss: 0.6019006953006838
val_prcauc: 0.9616116034973736
val_rocauc: 0.7732600732600733
val_loss: 0.7824047903219858
