prcauc: 0.24690998795337346
rocauc: 0.7742999648171528
