test_prcauc: 0.2681295069852443
test_rocauc: 0.8097630923061914
test_loss: 0.15212682290002705
train_prcauc: 0.5792834081882277
train_rocauc: 0.9370025735215025
train_loss: 0.09611852951958902
val_prcauc: 0.24448905780501293
val_rocauc: 0.7503822682776472
val_loss: 0.1690692706562748
