prcauc: 0.85621867090601
rocauc: 0.8993854258121159
