test_prcauc: 0.8331176402275712
test_rocauc: 0.8830553116769095
test_loss: 0.3976065864165624
train_prcauc: 0.9783355179975728
train_rocauc: 0.9821066427536732
train_loss: 0.22000913976169215
val_prcauc: 0.9210598635602474
val_rocauc: 0.9314345991561181
val_loss: 0.4744011660416921
