test_mae: 0.6499726384310495
test_rmse: 0.8116587545549652
test_loss: 0.6472563191525578
train_mae: 0.27758389406669
train_rmse: 0.3452526364809631
train_loss: 0.17698080305542266
val_mae: 0.6575454362999824
val_rmse: 0.850964113551959
val_loss: 0.7214901036147564