test_prcauc: 0.6531838974264247
test_rocauc: 0.6258116799971972
test_loss: 0.5315988957881927
train_prcauc: 0.7920117168965716
train_rocauc: 0.841938802755019
train_loss: 0.3813490072886149
val_prcauc: 0.7150566110602307
val_rocauc: 0.6826283356375051
val_loss: 0.47973465323448183
