test_prcauc: 0.27420435950973515
test_rocauc: 0.7549505068662407
test_loss: 0.3291673520404213
train_prcauc: 0.5307881325331293
train_rocauc: 0.8979163189061198
train_loss: 0.14144211471270604
val_prcauc: 0.3119510540158185
val_rocauc: 0.7721393524735761
val_loss: 0.29463195280646376
