test_mae: 0.48642316460609436
test_rmse: 0.644104540348053
test_loss: 0.48127954453229904
train_mae: 0.4391883909702301
train_rmse: 0.6376829743385315
train_loss: 0.43960124061953637
val_mae: 0.4657387435436249
val_rmse: 0.6225763559341431
val_loss: 0.4672730267047882
