test_mae: 0.5138967367726422
test_rmse: 0.6799692616242937
test_loss: 0.46551943777592775
train_mae: 0.3152040112495186
train_rmse: 0.40351278794584816
train_loss: 0.2147630050778389
val_mae: 0.46353962443396446
val_rmse: 0.6325888171374807
val_loss: 0.40419228883785274