test_prcauc: 0.6924434249722703
test_rocauc: 0.6267361111111109
test_loss: 2.149346351623535
train_prcauc: 1.0
train_rocauc: 1.0
train_loss: 0.05826289352390653
val_prcauc: 0.8973218108966549
val_rocauc: 0.9407808892903744
val_loss: 0.6068874597549438