prcauc: 0.6957416478106166
rocauc: 0.6421682098765432 