prcauc: 0.6326849495779958
rocauc: 0.6190231660892429 