test_mae: 2.058076023031026
test_rmse: 2.8472803599484613
test_loss: 8.107005448148241
train_mae: 0.4599831866171145
train_rmse: 0.5908045858631527
train_loss: 0.841507226228714
val_mae: 2.3064747722726318
val_rmse: 3.4242358850537555
val_loss: 11.725391396489876