test_prcauc: 0.370044005198043
test_rocauc: 0.7002539079555274
test_loss: 0.24137278958971217
train_prcauc: 0.6809104628544581
train_rocauc: 0.9339055453392553
train_loss: 0.1575781155425616
val_prcauc: 0.3715558428005646
val_rocauc: 0.71244734004844
val_loss: 0.22795038437872833