test_prcauc: 0.2149932912691801
test_rocauc: 0.7498262600939688
test_loss: 0.4677223739625651
train_prcauc: 0.5673411518425677
train_rocauc: 0.9180086427686012
train_loss: 0.10211588757035012
val_prcauc: 0.24574829746793386
val_rocauc: 0.7751186091516324
val_loss: 1.331873141929905
