test_prcauc: 0.5739405811332966
test_rocauc: 0.7103466153748734
test_loss: 0.16434163600206375
train_prcauc: 0.8544980300132476
train_rocauc: 0.9638495768894837
train_loss: 0.14042468692115578
val_prcauc: 0.5752778638648824
val_rocauc: 0.7295391131131204
val_loss: 0.2287311628460884