test_mae: 0.6150461198859355
test_rmse: 0.8196651280672265
test_loss: 0.6718509221694628
train_mae: 0.4430203167875557
train_rmse: 0.578175733446038
train_loss: 0.637144461274147
val_mae: 0.5216001771808376
val_rmse: 0.6737735833616807
val_loss: 0.4539708416360396