test_prcauc: 0.35516945232338165
test_rocauc: 0.7370739636662588
test_loss: 0.2443956060264097
train_prcauc: 0.6238547624844423
train_rocauc: 0.919068481643509
train_loss: 0.15117522383359636
val_prcauc: 0.3799135470817841
val_rocauc: 0.7913254605322521
val_loss: 0.26421609765631