test_prcauc: 0.11253270767694115
test_rocauc: 0.7563902490817737
test_loss: 0.014148232515932904
train_prcauc: 0.5575375550223874
train_rocauc: 0.9893464307780754
train_loss: 0.008069324962279445
val_prcauc: 0.0729738889908387
val_rocauc: 0.7479121443951758
val_loss: 0.016287224710488147