prcauc: 0.7345350019103173
rocauc: 0.6901041666666667 