test_mae: 1.4655583845451474
test_rmse: 2.113969415246931
test_loss: 4.4688666885994515
train_mae: 0.48937345255611
train_rmse: 0.6379965095672746
train_loss: 0.7068792581558228
val_mae: 2.097473317757249
val_rmse: 3.324863963545225
val_loss: 11.054720376081665