prcauc: 0.3204027888574666
rocauc: 0.7476537640376512
