test_prcauc: 0.33706619627328666
test_rocauc: 0.755598488447129
test_loss: 0.30475301751866934
train_prcauc: 0.727330101164466
train_rocauc: 0.944196166725193
train_loss: 0.10983765693228753
val_prcauc: 0.3483670874921628
val_rocauc: 0.7750345714877316
val_loss: 0.2917737394571304
