prcauc: 0.7455779533852689
rocauc: 0.7756911841418884
