test_prcauc: 0.533275793514147
test_rocauc: 0.5998310047614082
test_loss: 0.2870129644870758
train_prcauc: 0.7404010277626017
train_rocauc: 0.8824752032086457
train_loss: 0.2590833399407773
val_prcauc: 0.6330847127120631
val_rocauc: 0.8505458156866608
val_loss: 0.18030612170696259