test_mae: 2.777384042739868
test_rmse: 3.3587822914123535
test_loss: 2.8722267150878906
train_mae: 1.1091642379760742
train_rmse: 1.5700223445892334
train_loss: 1.115869916147656
val_mae: 2.393676280975342
val_rmse: 3.7931885719299316
val_loss: 2.0828070640563965
