test_prcauc: 0.3604683821698904
test_rocauc: 0.6543208299400645
test_OGBNanLabelloss: 0.3333213586231758
train_prcauc: 0.5812850582168824
train_rocauc: 0.8819724463272142
train_OGBNanLabelloss: 0.13428182281781492
val_prcauc: 0.3717875765505675
val_rocauc: 0.6769294107562291
val_OGBNanLabelloss: 0.2936348077552072
