test_mae: 0.4443370997905731
test_rmse: 0.6107041239738464
test_loss: 0.4354837586482366
train_mae: 0.3022295832633972
train_rmse: 0.4305104911327362
train_loss: 0.3047167515313184
val_mae: 0.5223308205604553
val_rmse: 0.7341444492340088
val_loss: 0.5243425816297531
