test_prcauc: 0.5470044415937239
test_rocauc: 0.6493201091300873
test_loss: 0.3157719373703003
train_prcauc: 0.7107275920702206
train_rocauc: 0.8898674866690106
train_loss: 0.23050513718298835
val_prcauc: 0.6653011792921696
val_rocauc: 0.9076849207130897
val_loss: 0.2027546912431717