test_mae: 0.4865683615207672
test_rmse: 0.6417024731636047
test_loss: 0.48656838280814035
train_mae: 0.15009146928787231
train_rmse: 0.21474038064479828
train_loss: 0.15009148411300718
val_mae: 0.506429135799408
val_rmse: 0.6970595717430115
val_loss: 0.5064291528293065
