test_prcauc: 0.694058529608361
test_rocauc: 0.6450617283950618
test_loss: 1.0239713191986084
train_prcauc: 0.9671097733174577
train_rocauc: 0.8683330527969477
train_loss: 0.3470575030430059
val_prcauc: 0.8692272255975341
val_rocauc: 0.9151861888989261
val_loss: 0.4186011552810669