test_prcauc: 0.49769032228444127
test_rocauc: 0.852377781735949
test_loss: 0.19692105068913046
train_prcauc: 0.7160661878789655
train_rocauc: 0.945672713355639
train_loss: 0.12744282560933168
val_prcauc: 0.46118414496896626
val_rocauc: 0.8409972354583162
val_loss: 0.1851212908074541
