test_mae: 0.8082224130630493
test_rmse: 1.0782742500305176
test_loss: 0.7981791496276855
train_mae: 0.26556581258773804
train_rmse: 0.343016654253006
train_loss: 0.2641025382664896
val_mae: 0.7495816349983215
val_rmse: 0.9970756769180298
val_loss: 0.7447920888662338
