test_mae: 0.7710105776786804
test_rmse: 0.9610610008239746
test_loss: 0.7710105649062565
train_mae: 0.41469284892082214
train_rmse: 0.5555461645126343
train_loss: 0.4146928449294397
val_mae: 0.7636201977729797
val_rmse: 0.9607599377632141
val_loss: 0.7636201211384365
