test_prcauc: 0.07239711767847541
test_rocauc: 0.7017341212410863
test_loss: 0.026573598107511753
train_prcauc: 0.9964364445400951
train_rocauc: 0.999993106255932
train_loss: 0.0023143049822450224
val_prcauc: 0.10297848423994664
val_rocauc: 0.7978764044710587
val_loss: 0.021393295145530712