test_prcauc: 0.42715365871866984
test_rocauc: 0.8119066443713385
test_loss: 0.1268462839206337
train_prcauc: 0.7434475498828381
train_rocauc: 0.9751959455152385
train_loss: 0.07268351558086579
val_prcauc: 0.42274277343681044
val_rocauc: 0.8276899089825334
val_loss: 0.1312821633137256
