test_prcauc: 0.35472857696022475
test_rocauc: 0.6551060111478411
test_loss: 0.3004044869850422
train_prcauc: 0.503152481558372
train_rocauc: 0.837427940474946
train_loss: 0.1611214354634285
val_prcauc: 0.3808905488535185
val_rocauc: 0.6893184201012217
val_loss: 0.47243825885756263
