mae: 0.9234498469750438
rmse: 1.1969362659167782 