prcauc: 0.6876257669470742
rocauc: 0.6711033950617283
