test_prcauc: 0.840148412090562
test_rocauc: 0.8777795055201368
test_loss: 0.8998495824635029
train_prcauc: 1.0
train_rocauc: 1.0
train_loss: 0.00375987136309656
val_prcauc: 0.8370720916809629
val_rocauc: 0.9054608585858587
val_loss: 0.6839984077960253
