prcauc: 0.8629014082888358
rocauc: 0.8772352666770331
