test_prcauc: 0.6210213664118123
test_rocauc: 0.7807536579432107
test_loss: 0.3903869688510895
train_prcauc: 0.9080015997291847
train_rocauc: 0.983924071958044
train_loss: 0.12229142417529792
val_prcauc: 0.653754946061588
val_rocauc: 0.8963729932039792
val_loss: 0.26446202397346497