test_prcauc: 0.5770893247619437
test_rocauc: 0.6107757272442915
test_loss: 0.40171313285827637
train_prcauc: 0.9956146171565197
train_rocauc: 0.9991309089558298
train_loss: 0.04296024241757044
val_prcauc: 0.7355138269760386
val_rocauc: 0.928463672477757
val_loss: 0.10934430360794067