prcauc: 0.7841016422657852
rocauc: 0.7668231611893583 