test_prcauc: 0.7816509531582028
test_rocauc: 0.7671709267953399
test_loss: 0.8347735404968262
train_prcauc: 0.9121862286191118
train_rocauc: 0.9459760273972603
train_loss: 0.35046847534057596
val_prcauc: 0.9302331224638775
val_rocauc: 0.7043956043956043
val_loss: 0.7180883884429932