prcauc: 0.6874447358799587
rocauc: 0.8265987210231814 