prcauc: 0.23279709701588075
rocauc: 0.7570211861951757 