test_mae: 0.49362778663635254
test_rmse: 0.6511557698249817
test_loss: 0.49362778663635254
train_mae: 0.1853412687778473
train_rmse: 0.2526857852935791
train_loss: 0.18534127972563919
val_mae: 0.48616400361061096
val_rmse: 0.6754571199417114
val_loss: 0.4861640277363005
