test_prcauc: 0.6914651436044563
test_rocauc: 0.9104203593646822
test_loss: 0.5115106321871281
train_prcauc: 0.9999999999999999
train_rocauc: 1.0
train_loss: 0.0011306609121675137
val_prcauc: 0.9424040434183221
val_rocauc: 0.983891460652024
val_loss: 0.06045201146043837
