test_prcauc: 0.8982413962567714
test_rocauc: 0.897527600684186
test_loss: 0.41364404931664467
train_prcauc: 0.9018655491815991
train_rocauc: 0.9271695997239474
train_loss: 0.3513406279186408
val_prcauc: 0.8286015071500465
val_rocauc: 0.8890467171717172
val_loss: 0.41659795865416527
