test_mae: 0.883102536201477
test_rmse: 1.6114215850830078
test_loss: 0.8650632500648499
train_mae: 0.15961375832557678
train_rmse: 0.24535538256168365
train_loss: 0.16031314205864203
val_mae: 0.7428143620491028
val_rmse: 0.956576943397522
val_loss: 0.7313532680273056
