test_prcauc: 0.11038082725991237
test_rocauc: 0.75402141281433
test_loss: 0.01654792283800164
train_prcauc: 0.1866694328478341
train_rocauc: 0.9205873263453647
train_loss: 0.010207740573730677
val_prcauc: 0.19180021543373688
val_rocauc: 0.7830648280532952
val_loss: 0.014343555513964037
