prcauc: 0.35864247341029126
rocauc: 0.7408288144408233 