test_prcauc: 0.6406318384699908
test_rocauc: 0.6296010857707094
test_loss: 0.6505729556083679
train_prcauc: 0.8902216049954023
train_rocauc: 0.9291349112050862
train_loss: 0.3209368157194849
val_prcauc: 0.6955084308350351
val_rocauc: 0.6586810843577079
val_loss: 0.5868395566940308