test_prcauc: 0.6301676936254976
test_rocauc: 0.5780927131545543
test_loss: 0.637140691280365
train_prcauc: 0.8822368720980879
train_rocauc: 0.926471350321981
train_loss: 0.28546380665567184
val_prcauc: 0.6813053039399358
val_rocauc: 0.6440773138279184
val_loss: 0.558500325679779
