test_prcauc: 0.5255867639868889
test_rocauc: 0.5971753032356724
test_loss: 23.29676682949066
train_prcauc: 0.9563093614865551
train_rocauc: 0.9932274989850032
train_loss: 0.2916151991579682
val_prcauc: 0.6298478641242398
val_rocauc: 0.8939237992054894
val_loss: 9.820107823610305
