test_mae: 0.7839784838182409
test_rmse: 1.1661951531485542
test_loss: 1.3600111352271798
train_mae: 0.5500354870033745
train_rmse: 0.7600561382056263
train_loss: 1.168338418006897
val_mae: 0.7980854788642181
val_rmse: 1.2189771403130882
val_loss: 1.4859052686058742