test_prcauc: 0.05916330134042964
test_rocauc: 0.7112851145295551
test_loss: 0.019506692977161486
train_prcauc: 0.10343852169122275
train_rocauc: 0.8650684904943672
train_loss: 0.011520125087477956
val_prcauc: 0.11765014880026635
val_rocauc: 0.795886083605944
val_loss: 0.0252895436658501
