test_mae: 1.0748245709501538
test_rmse: 1.3928352745040953
test_loss: 1.9399901019028982
train_mae: 0.2922542465597755
train_rmse: 0.36802452211585424
train_loss: 0.2644989341497421
val_mae: 1.158911727062369
val_rmse: 1.387170579580254
val_loss: 1.924242216853018