test_mae: 0.45193684101104736
test_rmse: 0.6409639120101929
test_loss: 0.4365763310343027
train_mae: 0.24019315838813782
train_rmse: 0.3555796146392822
train_loss: 0.24101580679416656
val_mae: 0.46654945611953735
val_rmse: 0.6732550263404846
val_loss: 0.46641673520207405
