test_mae: 0.6784164309501648
test_rmse: 0.856117844581604
test_loss: 0.6761008650064468
train_mae: 0.43480178713798523
train_rmse: 0.5685068964958191
train_loss: 0.4413480633689511
val_mae: 0.6806087493896484
val_rmse: 0.9665685296058655
val_loss: 0.6758821159601212
