test_mae: 0.7411089539527893
test_rmse: 0.9355802536010742
test_loss: 0.7411089965275356
train_mae: 0.38732990622520447
train_rmse: 0.5267807841300964
train_loss: 0.3873299110148634
val_mae: 0.7248058319091797
val_rmse: 0.9139478206634521
val_loss: 0.7248058021068573
