test_prcauc: 0.3105630593281582
test_rocauc: 0.6050459140940386
test_loss: 0.30894118573967105
train_prcauc: 0.35401795403968295
train_rocauc: 0.7309129500206282
train_loss: 0.2079962757640233
val_prcauc: 0.3293873280155212
val_rocauc: 0.6262839998800483
val_loss: 0.2750599865073613