test_prcauc: 0.571475153335463
test_rocauc: 0.7183246650663713
test_loss: 0.21663448214530945
train_prcauc: 0.810492920477257
train_rocauc: 0.9520144901756062
train_loss: 0.14288183795974563
val_prcauc: 0.6013476786744543
val_rocauc: 0.7611229515960973
val_loss: 0.26123303174972534