mae: 0.5177239843653072
rmse: 0.6931356473586189 