test_mae: 0.5128158229365946
test_rmse: 0.6847171682110131
test_loss: 0.4669159111756453
train_mae: 0.3480413047971263
train_rmse: 0.44499868967770934
train_loss: 0.27069391012191774
val_mae: 0.46450282187405084
val_rmse: 0.6382421723301615
val_loss: 0.40937711408317456