test_prcauc: 0.6588616396620236
test_rocauc: 0.6278852041184574
test_loss: 0.5099981307983399
train_prcauc: 0.7613752081304268
train_rocauc: 0.8008110785909008
train_loss: 0.4194715801212523
val_prcauc: 0.6993864352415055
val_rocauc: 0.6800645020659026
val_loss: 0.489654666185379
