test_prcauc: 0.1838224360310162
test_rocauc: 0.7485138762818905
test_loss: 0.2555917753454517
train_prcauc: 0.9998758086694595
train_rocauc: 0.9999950789682072
train_loss: 0.02156187262372732
val_prcauc: 0.35206560275088833
val_rocauc: 0.8275218009014306
val_loss: 0.13025518906686237