test_mae: 1.7963141202926636
test_rmse: 2.4117591381073
test_loss: 1.7161245942115784
train_mae: 0.5985140800476074
train_rmse: 0.9376354217529297
train_loss: 0.5981502691904704
val_mae: 0.895107090473175
val_rmse: 1.0936558246612549
val_loss: 0.8391686280568441
