test_prcauc: 0.8624066108367991
test_rocauc: 0.8731786057063085
test_loss: 0.603806040503762
train_prcauc: 0.9970903629519585
train_rocauc: 0.9975057709613052
train_loss: 0.15282556558808974
val_prcauc: 0.8365139365625881
val_rocauc: 0.9046273876782351
val_loss: 0.4661114029586315
