test_mae: 0.5202710628509521
test_rmse: 0.6961297988891602
test_loss: 0.5202710784616924
train_mae: 0.22605541348457336
train_rmse: 0.31775814294815063
train_loss: 0.2260554150051
val_mae: 0.514751136302948
val_rmse: 0.6895424723625183
val_loss: 0.5147511320454734
