test_mae: 1.6169335842132568
test_rmse: 2.1231672763824463
test_loss: 1.7038506269454956
train_mae: 0.2870638072490692
train_rmse: 0.4067910313606262
train_loss: 0.27896442181534237
val_mae: 2.513953447341919
val_rmse: 3.5448946952819824
val_loss: 2.098002791404724
