prcauc: 0.6192915473256706
rocauc: 0.8521645569342937 