test_prcauc: 0.6206376519951661
test_rocauc: 0.8321475125751442
test_loss: 0.24950556457042694
train_prcauc: 0.7920639822054825
train_rocauc: 0.9473256764885198
train_loss: 0.12993569979764996
val_prcauc: 0.5922460058248713
val_rocauc: 0.6840352845610549
val_loss: 0.34353044629096985