test_prcauc: 0.6474179944398677
test_rocauc: 0.6018518518518519
test_loss: 0.8142834901809692
train_prcauc: 0.9429210975941104
train_rocauc: 0.7927172754306234
train_loss: 0.48320092589641117
val_prcauc: 0.8391557420398771
val_rocauc: 0.9005319682826458
val_loss: 0.5750606656074524