test_prcauc: 0.4417741740813724
test_rocauc: 0.8227675531700981
test_loss: 0.2223747662542766
train_prcauc: 0.776290918794341
train_rocauc: 0.9582818064118738
train_loss: 0.13377628935583033
val_prcauc: 0.4455614159204419
val_rocauc: 0.8394934509779622
val_loss: 0.21056147627257632