test_prcauc: 0.42944156371175
test_rocauc: 0.8201571354082137
test_loss: 0.12729421438592853
train_prcauc: 0.7743803943861713
train_rocauc: 0.980172065291264
train_loss: 0.07396593773647009
val_prcauc: 0.4081962971233091
val_rocauc: 0.8062161457453544
val_loss: 0.13170653203445853