prcauc: 0.3776946839117168
rocauc: 0.8225281517726725 