test_prcauc: 0.6613713688696081
test_rocauc: 0.6535493827160493
test_loss: 2.0677782126835416
train_prcauc: 1.0
train_rocauc: 1.0
train_loss: 0.00700299253009937
val_prcauc: 0.9372656155251503
val_rocauc: 0.9681370108533307
val_loss: 0.4472688694131648
