test_mae: 0.3960615396499634
test_rmse: 0.5411376357078552
test_loss: 0.3893413742383321
train_mae: 0.30757904052734375
train_rmse: 0.46090754866600037
train_loss: 0.3047534116992244
val_mae: 0.47951915860176086
val_rmse: 0.6956971883773804
val_loss: 0.4810112963120143
