prcauc: 0.6403657422162349
rocauc: 0.6220256979216657 