test_prcauc: 0.7700740138703136
test_rocauc: 0.79377499565293
test_loss: 1.8112954286237557
train_prcauc: 1.0
train_rocauc: 1.0
train_loss: 0.005552946044722709
val_prcauc: 0.954010045842665
val_rocauc: 0.7567765567765569
val_loss: 1.2609154085318248
