test_prcauc: 0.6477007326892177
test_rocauc: 0.6330054012345679
test_loss: 2.281327247619629
train_prcauc: 0.9998673709750083
train_rocauc: 0.9992958536722212
train_loss: 0.1216518715405759
val_prcauc: 0.8501366841334607
val_rocauc: 0.8989260262973
val_loss: 0.9432158470153809