test_prcauc: 0.6324558034038333
test_rocauc: 0.6205947530021427
test_loss: 0.5081237554550171
train_prcauc: 0.7737282895909252
train_rocauc: 0.8085185390993997
train_loss: 0.42789156760051716
val_prcauc: 0.6716791036187819
val_rocauc: 0.6283550603061523
val_loss: 0.49954503774642944