prcauc: 0.3880907055798302
rocauc: 0.8522108413404408
