test_prcauc: 0.46863005942207625
test_rocauc: 0.8574363272471713
test_OGBNanLabelloss: 0.19076499231159688
train_prcauc: 0.5675564167314872
train_rocauc: 0.900610120345891
train_OGBNanLabelloss: 0.15284729138260983
val_prcauc: 0.4438041914644915
val_rocauc: 0.8385075593722159
val_OGBNanLabelloss: 0.194573219306767
