test_prcauc: 0.08158936739538518
test_rocauc: 0.7696828961990367
test_loss: 0.012191408255249874
train_prcauc: 0.17096909545026917
train_rocauc: 0.9126323961157476
train_loss: 0.011899905967716194
val_prcauc: 0.0745311335329973
val_rocauc: 0.746731555422349
val_loss: 0.013748050760411664