test_mae: 0.9326340556144714
test_rmse: 1.4531826972961426
test_loss: 0.9315345734357834
train_mae: 0.30727818608283997
train_rmse: 0.3932420313358307
train_loss: 0.3019716605063408
val_mae: 0.8653542995452881
val_rmse: 1.1517640352249146
val_loss: 0.8533783704042435
