mean_pred: -3.929966688156128
std_pred: 2.2043263912200928
mean_targets: -3.7976016998291016
std_targets: 2.129075765609741
mae: 0.9743580222129822
rmse: 1.6910862922668457
ogbg-molesol: 1.6910862922668457
L1Loss: 0.957928255200386
