mae: 0.9743580222129822
rmse: 1.6910862922668457
