test_prcauc: 0.6330288034618211
test_rocauc: 0.5884082066010818
test_loss: 0.5937433242797852
train_prcauc: 0.865973261019174
train_rocauc: 0.9033597154583431
train_loss: 0.35726653310347245
val_prcauc: 0.6746099269767327
val_rocauc: 0.6198179056736696
val_loss: 0.5902657508850098