test_prcauc: 0.4686767543058974
test_rocauc: 0.8502143496466901
test_loss: 0.1935933090324672
train_prcauc: 0.562512574845954
train_rocauc: 0.9024631842447038
train_loss: 0.15743954332580992
val_prcauc: 0.4301372675128941
val_rocauc: 0.8399612880039488
val_loss: 0.18390193525350318
