test_mae: 1.445960173354699
test_rmse: 2.055530056731922
test_loss: 4.225203814128338
train_mae: 0.463993346482204
train_rmse: 0.6009826502158437
train_loss: 0.5462437570095062
val_mae: 0.8139830032971344
val_rmse: 1.1443173209758022
val_loss: 1.309462131085237