mae: 0.7642137408256531
rmse: 0.9874094128608704
