prcauc: 0.3575870146705592
rocauc: 0.7913810483870969
