test_prcauc: 0.30443317628583666
test_rocauc: 0.8025809927697442
test_loss: 0.16221480668130991
train_prcauc: 0.391996062715756
train_rocauc: 0.9022727212923657
train_loss: 0.19272579669183224
val_prcauc: 0.3645071062871419
val_rocauc: 0.8370485375087194
val_loss: 0.2529211611068551
