prcauc: 0.37317432418898017
rocauc: 0.7581259691796745 