prcauc: 0.33336704699335623
rocauc: 0.761131277765517
