test_prcauc: 0.35216736927184433
test_rocauc: 0.7703092018820493
test_loss: 0.2863003694348865
train_prcauc: 0.6404931796531905
train_rocauc: 0.9283778867898205
train_loss: 0.1305155950157266
val_prcauc: 0.3892788997417558
val_rocauc: 0.8039157205259545
val_loss: 0.26079978407533083
