prcauc: 0.5144330761138022
rocauc: 0.5473390852535363 