test_prcauc: 0.08231085028536916
test_rocauc: 0.7319642313295402
test_loss: 0.02167794464449503
train_prcauc: 0.23833662810865117
train_rocauc: 0.9514915865358695
train_loss: 0.00963909290353295
val_prcauc: 0.16073940862753094
val_rocauc: 0.7163839517282731
val_loss: 0.025460967150033178
