test_prcauc: 0.14504182921185033
test_rocauc: 0.7531742174243006
test_loss: 0.14611355070024729
train_prcauc: 0.8254618682304952
train_rocauc: 0.9859979801457797
train_loss: 0.06578726023289107
val_prcauc: 0.2485077814846963
val_rocauc: 0.730549139563435
val_loss: 0.16676042415201664