test_prcauc: 0.3539210982270639
test_rocauc: 0.7295889308072954
test_loss: 0.25479932954449275
train_prcauc: 0.7202056843202423
train_rocauc: 0.948340060019461
train_loss: 0.13952499871806606
val_prcauc: 0.3743120162101288
val_rocauc: 0.7840830909777892
val_loss: 0.30093757855720643