test_prcauc: 0.6416872412641288
test_rocauc: 0.6086998456790123
test_loss: 1.8824090276445662
train_prcauc: 1.0
train_rocauc: 1.0
train_loss: 0.004186445870436728
val_prcauc: 0.9126042529496803
val_rocauc: 0.9579806830628299
val_loss: 0.4515441456543548
