test_prcauc: 0.8076756085906245
test_rocauc: 0.7977743001217179
test_loss: 0.7645090222358704
train_prcauc: 0.9279182802878152
train_rocauc: 0.9555878995433791
train_loss: 0.34418732093405996
val_prcauc: 0.9423026564793123
val_rocauc: 0.7080586080586081
val_loss: 0.7494954466819763