test_prcauc: 0.4333435525594473
test_rocauc: 0.7551810917637809
test_loss: 0.20588317704062128
train_prcauc: 0.5853036638260067
train_rocauc: 0.8869323230632451
train_loss: 0.16485060050861158
val_prcauc: 0.418390881607819
val_rocauc: 0.7485858373304044
val_loss: 0.2069482669927353
