prcauc: 0.4293389738200449
rocauc: 0.7516725305352574
