mae: 0.8934196827306159
rmse: 1.137403995860434 