test_mae: 0.7299221158027649
test_rmse: 0.9475384950637817
test_loss: 0.7204786986112595
train_mae: 0.46322882175445557
train_rmse: 0.677824854850769
train_loss: 0.45239256178179094
val_mae: 0.7848954796791077
val_rmse: 1.0490353107452393
val_loss: 0.7708327770233154
