test_mae: 0.486558587058423
test_rmse: 0.6472331142832103
test_loss: 0.43122794216426164
train_mae: 0.41213746451107514
train_rmse: 0.5293527803357464
train_loss: 0.34041900507041384
val_mae: 0.5516697891401504
val_rmse: 0.7302645171512191
val_loss: 0.5292338847600468