test_mae: 2.400319814682007
test_rmse: 3.018859624862671
test_loss: 2.2720654408137
train_mae: 0.6004936099052429
train_rmse: 0.8568643927574158
train_loss: 0.6042476511663861
val_mae: 2.3509552478790283
val_rmse: 3.4573216438293457
val_loss: 2.0121368567148843
