test_prcauc: 0.6868821851248439
test_rocauc: 0.6865354938271605
test_loss: 1.0349004098347254
train_prcauc: 0.9888852956744517
train_rocauc: 0.9483352756511412
train_loss: 0.2143646881661632
val_prcauc: 0.9502048173898439
val_rocauc: 0.9688340137409142
val_loss: 0.24565320994172776
