test_mae: 0.9563707737010138
test_rmse: 1.2124539523690734
test_loss: 1.4700445866153875
train_mae: 0.31499745357248293
train_rmse: 0.4139204963775294
train_loss: 0.37336357682943344
val_mae: 0.861781422623491
val_rmse: 1.0668764043013879
val_loss: 1.1382252620550584