mae: 0.9172301484884415
rmse: 1.1385754928837772 