prcauc: 0.9659487762089175
rocauc: 0.9033787393162394
