test_prcauc: 0.9593031867493111
test_rocauc: 0.894664797008547
test_loss: 0.43210360780358315
train_prcauc: 0.9994213296969834
train_rocauc: 0.9980892190560668
train_loss: 0.055816886446824886
val_prcauc: 0.9810057432788784
val_rocauc: 0.9429254138931559
val_loss: 0.29407451594514505
