test_mae: 0.9016020330359452
test_rmse: 1.1268859707186059
test_loss: 1.2698719910024145
train_mae: 0.32879930658339124
train_rmse: 0.43276898396939756
train_loss: 0.26643140241503716
val_mae: 0.8373647499717444
val_rmse: 1.0102366656958552
val_loss: 1.0205781207162792