test_prcauc: 0.7742332243458031
test_rocauc: 0.7781255433837593
test_loss: 1.2958074448009331
train_prcauc: 0.809295337360206
train_rocauc: 0.8795861872146119
train_loss: 2.35324107437599
val_prcauc: 0.9566053857637302
val_rocauc: 0.7542124542124542
val_loss: 1.546098466962576
