test_mae: 0.8075486095076384
test_rmse: 1.2910884000387652
test_loss: 1.666909256714659
train_mae: 0.49340243578657467
train_rmse: 0.6652107395788266
train_loss: 0.8560006022453308
val_mae: 0.8227686493509396
val_rmse: 1.178808496033574
val_loss: 1.3895894703209373