test_prcauc: 0.3980095635863333
test_rocauc: 0.7276722931200119
test_loss: 0.2090535184774538
train_prcauc: 0.5504627076253661
train_rocauc: 0.8753772538978866
train_loss: 0.17915294829804032
val_prcauc: 0.3687144290022441
val_rocauc: 0.7159626603369555
val_loss: 0.19693474473563846