prcauc: 0.6466268215894717
rocauc: 0.7799283154121862
