test_prcauc: 0.627293564232723
test_rocauc: 0.7732078853046596
test_loss: 0.7366250319914385
train_prcauc: 0.9864962913817554
train_rocauc: 0.9483717196867936
train_loss: 0.21844350034371018
val_prcauc: 0.9984500695376275
val_rocauc: 0.9870967741935484
val_loss: 0.17920760268514807
