test_prcauc: 0.7441404764860688
test_rocauc: 0.7297861241523214
test_loss: 0.8920493125915527
train_prcauc: 0.9376054293509324
train_rocauc: 0.9597631278538813
train_loss: 0.29504380543308156
val_prcauc: 0.9256563848648675
val_rocauc: 0.6824175824175824
val_loss: 0.852321982383728