test_prcauc: 0.09178423999046542
test_rocauc: 0.7364461165581497
test_loss: 0.01460036227992487
train_prcauc: 0.1718329299893325
train_rocauc: 0.913751316022
train_loss: 0.010692465246062523
val_prcauc: 0.04081473122337886
val_rocauc: 0.7652328097756991
val_loss: 0.015756350434145788