test_prcauc: 0.6497907589301343
test_rocauc: 0.6296195648563825
test_OGBNanLabelloss: 0.5879801332950592
train_prcauc: 0.8593778301866908
train_rocauc: 0.902374427746827
train_OGBNanLabelloss: 0.3099699566761653
val_prcauc: 0.7001177376339769
val_rocauc: 0.6662460350862296
val_OGBNanLabelloss: 0.5298180162906647
