test_prcauc: 0.3279803714957941
test_rocauc: 0.6352749395097305
test_loss: 0.37406893289408394
train_prcauc: 0.6018906936076105
train_rocauc: 0.9004552303734172
train_loss: 0.15343947976809846
val_prcauc: 0.362191504349397
val_rocauc: 0.6497335845875808
val_loss: 0.29371017986663794