test_mae: 0.591133338345126
test_rmse: 0.7729293906187666
test_loss: 0.5882073200317607
train_mae: 0.32554813264005833
train_rmse: 0.41922303333367245
train_loss: 0.25709793120622637
val_mae: 0.5833389999158458
val_rmse: 0.7492892932950229
val_loss: 0.5616447467268979