test_mae: 0.503605842590332
test_rmse: 0.6933783292770386
test_loss: 0.5036058276891708
train_mae: 0.19764357805252075
train_rmse: 0.292271226644516
train_loss: 0.19764357073498623
val_mae: 0.46098536252975464
val_rmse: 0.6276747584342957
val_loss: 0.46098537530217853
