test_prcauc: 0.6676819482326536
test_rocauc: 0.7896326417127167
test_OGBNanLabelloss: 0.37970791645348073
train_prcauc: 0.9999999999999999
train_rocauc: 1.0
train_OGBNanLabelloss: 0.00020609945568139665
val_prcauc: 0.9999266443882566
val_rocauc: 0.9979020979020979
val_OGBNanLabelloss: 0.04629604590591043
