test_mae: 1.5232479572296143
test_rmse: 4.4289774894714355
test_loss: 1.5004441738128662
train_mae: 0.3602117896080017
train_rmse: 0.469976007938385
train_loss: 0.36409491300582886
val_mae: 0.9656844139099121
val_rmse: 1.1905066967010498
val_loss: 0.9705315828323364
