test_mae: 0.4698532052629134
test_rmse: 0.6405929781028845
test_loss: 0.4103593635947227
train_mae: 0.3617266359598504
train_rmse: 0.48958703444462404
train_loss: 0.633034959435463
val_mae: 0.49516813046551317
val_rmse: 0.6679363548414784
val_loss: 0.4461389741189213