test_mae: 0.6767783164978027
test_rmse: 0.9002388715744019
test_loss: 0.6712302267551422
train_mae: 0.29060330986976624
train_rmse: 0.4152500629425049
train_loss: 0.2897987668552706
val_mae: 0.6697193384170532
val_rmse: 0.8876811265945435
val_loss: 0.6659323424100876
