test_prcauc: 0.7567710286327205
test_rocauc: 0.7906451051990958
test_loss: 1.1410112157464027
train_prcauc: 0.9420859495120202
train_rocauc: 0.9614982876712329
train_loss: 0.2467620345513995
val_prcauc: 0.9535363011607559
val_rocauc: 0.7901098901098901
val_loss: 1.1779974748690922
