test_prcauc: 0.37430364731922555
test_rocauc: 0.703216750620583
test_loss: 0.22893554695766968
train_prcauc: 0.6015755690057628
train_rocauc: 0.9008811481553092
train_loss: 0.16781116584321748
val_prcauc: 0.3642053637815443
val_rocauc: 0.7079638638324067
val_loss: 0.22163435006671026