test_mae: 1.0647906217701666
test_rmse: 1.3066333632568443
test_loss: 1.7072907459758926
train_mae: 0.3654428031721735
train_rmse: 0.459711421874628
train_loss: 0.3071647435426712
val_mae: 0.9501374978175205
val_rmse: 1.1672311850430415
val_loss: 1.3624286393369829