test_mae: 2.4867411299049853
test_rmse: 3.2231515940168176
test_loss: 10.388706198013153
train_mae: 0.6933964437864533
train_rmse: 0.8932623652654111
train_loss: 1.4552860260009766
val_mae: 2.7449006439000367
val_rmse: 4.006886971423672
val_loss: 16.055143201764764