test_prcauc: 0.7151251938588947
test_rocauc: 0.7280472961224134
test_loss: 1.1977798839410145
train_prcauc: 0.9999483532548619
train_rocauc: 0.9999657534246575
train_loss: 0.04559957201978782
val_prcauc: 0.9557370972819434
val_rocauc: 0.7633699633699634
val_loss: 0.9162385414044062
