test_mae: 0.4622491813173204
test_rmse: 0.6100640734913676
test_loss: 0.38941333253673505
train_mae: 0.3333549621939836
train_rmse: 0.42895323740001234
train_loss: 0.23205343527453287
val_mae: 0.511117029856526
val_rmse: 0.6973442444571498
val_loss: 0.478415558556903