mae: 0.4691721527313818
rmse: 0.6169339483414074 