test_prcauc: 0.34147715565256653
test_rocauc: 0.6525018666745217
test_loss: 0.4625634473973307
train_prcauc: 0.5035934629951512
train_rocauc: 0.846833166404447
train_loss: 0.23187324713801713
val_prcauc: 0.3904340343426303
val_rocauc: 0.6980721264812951
val_loss: 0.29977915461721094
