test_mae: 0.5066927495780772
test_rmse: 0.7092548687986165
test_loss: 0.5030424689145427
train_mae: 0.3329643291778113
train_rmse: 0.45434434445674077
train_loss: 0.46514304478963214
val_mae: 0.5012369538227717
val_rmse: 0.689786884977705
val_loss: 0.47580594668724563