test_mae: 2.6702992916107178
test_rmse: 3.270122528076172
test_loss: 2.5910951296488443
train_mae: 1.3012688159942627
train_rmse: 2.4974756240844727
train_loss: 1.3143651319874659
val_mae: 2.170759677886963
val_rmse: 3.0117077827453613
val_loss: 1.9235825141270955
