test_mae: 0.5311319828033447
test_rmse: 0.8204901814460754
test_loss: 0.49888546019792557
train_mae: 0.21551698446273804
train_rmse: 0.5238795876502991
train_loss: 0.21568460911512374
val_mae: 0.5439199805259705
val_rmse: 0.8052322864532471
val_loss: 0.590537965297699
