test_mae: 0.5487537980079651
test_rmse: 0.7910971641540527
test_loss: 0.5345724374055862
train_mae: 0.2808484435081482
train_rmse: 0.44663533568382263
train_loss: 0.28079557915528613
val_mae: 0.6236252188682556
val_rmse: 0.8952293395996094
val_loss: 0.6581860706210136
