test_mae: 1.4759187698364258
test_rmse: 6.984455585479736
test_loss: 1.4550241827964783
train_mae: 0.30296260118484497
train_rmse: 0.42596063017845154
train_loss: 0.3004722562101152
val_mae: 0.6775233745574951
val_rmse: 0.8666342496871948
val_loss: 0.6711924771467844
