test_mae: 0.8143120408058167
test_rmse: 1.0414528846740723
test_loss: 0.8156291097402573
train_mae: 0.34219110012054443
train_rmse: 0.4218277335166931
train_loss: 0.33569278543995273
val_mae: 0.7595575451850891
val_rmse: 0.9966636896133423
val_loss: 0.7494553476572037
