test_mae: 0.7019693851470947
test_rmse: 0.9144022464752197
test_loss: 0.6992930471897125
train_mae: 0.30213630199432373
train_rmse: 0.39819473028182983
train_loss: 0.30017106090822526
val_mae: 0.7123355269432068
val_rmse: 0.899501621723175
val_loss: 0.7064657807350159
