test_mae: 2.406100574815646
test_rmse: 3.198443468408144
test_loss: 10.230040620602718
train_mae: 0.606680716219597
train_rmse: 0.808925261212965
train_loss: 1.0433744192123413
val_mae: 2.7457845743000506
val_rmse: 3.947032155273871
val_loss: 15.5790628347659