test_prcauc: 0.6818050772884283
test_rocauc: 0.6306905864197532
test_loss: 1.294041395187378
train_prcauc: 0.9704085883829687
train_rocauc: 0.8822813218874488
train_loss: 0.3219363930148979
val_prcauc: 0.8258855084272037
val_rocauc: 0.910769848439225
val_loss: 0.48564043641090393