test_prcauc: 0.3577334629217275
test_rocauc: 0.6580053031938089
test_loss: 0.3207470754097248
train_prcauc: 0.5933379208128795
train_rocauc: 0.8862855835974429
train_loss: 0.13427223105748148
val_prcauc: 0.3904167657828861
val_rocauc: 0.6959716390476902
val_loss: 0.27370176130327684
