test_prcauc: 0.6309019467754277
test_rocauc: 0.5935360954163307
test_loss: 0.5284353494644165
train_prcauc: 0.7972533250690582
train_rocauc: 0.8437573960121264
train_loss: 0.40895610809382266
val_prcauc: 0.671196165654444
val_rocauc: 0.6323109426926303
val_loss: 0.506626307964325