test_prcauc: 0.15040765746117066
test_rocauc: 0.7972544335358958
test_loss: 0.04071662377712493
train_prcauc: 0.40651415428583537
train_rocauc: 0.9659728569639128
train_loss: 0.03281607562953979
val_prcauc: 0.14866559819947853
val_rocauc: 0.7757722244786621
val_loss: 0.012588034286273668
