prcauc: 0.38169408689150713
rocauc: 0.7521859999267454 