mae: 0.5579248666763306
rmse: 2.041656017303467
