test_mae: 0.8338555097579956
test_rmse: 10.483098030090332
test_loss: 0.8338555182729449
train_mae: 0.17703841626644135
train_rmse: 0.25030621886253357
train_loss: 0.17703841961159997
val_mae: 0.39412716031074524
val_rmse: 0.5504693388938904
val_loss: 0.39412718017896015
