test_mae: 0.41228118538856506
test_rmse: 0.580962061882019
test_loss: 0.4122812194483621
train_mae: 0.16852852702140808
train_rmse: 0.2368861585855484
train_loss: 0.16852853834933165
val_mae: 0.40332457423210144
val_rmse: 0.5635486245155334
val_loss: 0.4033245841662089
