prcauc: 0.7852125695154122
rocauc: 0.7541297165710311
