test_prcauc: 0.36322161063188063
test_rocauc: 0.7545226806267701
test_loss: 0.26883161026211666
train_prcauc: 0.812091059754112
train_rocauc: 0.9661533452022019
train_loss: 0.11942136304324209
val_prcauc: 0.3887264269289527
val_rocauc: 0.7834454519718199
val_loss: 0.2813158714969921