test_prcauc: 0.8592058571500241
test_rocauc: 0.8923184574716219
test_loss: 0.4194876402616501
train_prcauc: 0.9035188828496828
train_rocauc: 0.924445019553715
train_loss: 0.3522325013246801
val_prcauc: 0.8542500957205443
val_rocauc: 0.9038036616161615
val_loss: 0.40391537360846996
