prcauc: 0.8715469580322823
rocauc: 0.8888197791945266
