test_mae: 0.7845667600631714
test_rmse: 1.0200659036636353
test_loss: 0.7855681478977203
train_mae: 0.14709994196891785
train_rmse: 0.24113106727600098
train_loss: 0.14667886333621066
val_mae: 0.7552288770675659
val_rmse: 0.9770441651344299
val_loss: 0.7462407946586609
