test_mae: 1.6870163679122925
test_rmse: 2.491323709487915
test_loss: 1.7941919167836506
train_mae: 0.47199746966362
train_rmse: 0.6903979778289795
train_loss: 0.5037458058860567
val_mae: 1.9952971935272217
val_rmse: 2.6860551834106445
val_loss: 1.7572702169418335
