test_prcauc: 0.6374221938401242
test_rocauc: 0.5925329645362781
test_loss: 0.6581858098506927
train_prcauc: 0.8846261921295623
train_rocauc: 0.9255755733925796
train_loss: 0.33274963927703943
val_prcauc: 0.6451683043535623
val_rocauc: 0.5817515389664042
val_loss: 0.621583878993988