test_mae: 1.9401746988296509
test_rmse: 2.5677785873413086
test_loss: 1.9404507080713909
train_mae: 0.467928022146225
train_rmse: 0.620734453201294
train_loss: 0.46359969344404006
val_mae: 2.247636318206787
val_rmse: 3.63960599899292
val_loss: 2.051659862200419
