prcauc: 0.3844068320891815
rocauc: 0.7474256024422137 