test_prcauc: 0.6156984324360091
test_rocauc: 0.5842381084037603
test_loss: 0.561176598072052
train_prcauc: 0.8235012889092205
train_rocauc: 0.8694755641487378
train_loss: 0.3511529647641712
val_prcauc: 0.6687428888026465
val_rocauc: 0.6296097731202842
val_loss: 0.5098134517669678
