test_prcauc: 0.33833406179993136
test_rocauc: 0.7470944194110221
test_loss: 0.259793210360739
train_prcauc: 0.5307394108155886
train_rocauc: 0.8943895693813046
train_loss: 0.15620766733394284
val_prcauc: 0.3907252660201274
val_rocauc: 0.7975102936718051
val_loss: 0.24122139066457748
