test_mae: 0.612132728099823
test_rmse: 0.7801291942596436
test_loss: 0.5606601734956106
train_mae: 0.6208585500717163
train_rmse: 0.9553126692771912
train_loss: 0.6160323586728838
val_mae: 0.7057387828826904
val_rmse: 0.986248254776001
val_loss: 0.7053025762240092
