test_prcauc: 0.2511016733215469
test_rocauc: 0.752675226840669
test_loss: 0.12446393857173847
train_prcauc: 0.736437848320906
train_rocauc: 0.9723695132270579
train_loss: 0.08072933769930149
val_prcauc: 0.22404417979232974
val_rocauc: 0.728152428990052
val_loss: 0.17223407531326468