test_prcauc: 0.6517865481237626
test_rocauc: 0.6576068431020065
test_OGBNanLabelloss: 0.5785547375679017
train_prcauc: 0.8579673787612366
train_rocauc: 0.9065632244241958
train_OGBNanLabelloss: 0.3066070005297661
val_prcauc: 0.7127175057360178
val_rocauc: 0.6834707022681009
val_OGBNanLabelloss: 0.5370890319347381
