prcauc: 0.644738509529375
rocauc: 0.6347352307292818
