test_mae: 0.7479076981544495
test_rmse: 0.9737833738327026
test_loss: 0.7401323094964027
train_mae: 0.18703590333461761
train_rmse: 0.26027819514274597
train_loss: 0.18567791451578555
val_mae: 0.7527676224708557
val_rmse: 0.9723159670829773
val_loss: 0.74761151522398
