test_prcauc: 0.3332338103474202
test_rocauc: 0.7370723338290213
test_loss: 0.27846708452260055
train_prcauc: 0.4548502971003594
train_rocauc: 0.8773461251752152
train_loss: 0.18416595177359557
val_prcauc: 0.3614528924639087
val_rocauc: 0.7973484527015455
val_loss: 0.25962190495596993
