prcauc: 0.30758155211085575
rocauc: 0.621154051490797 