test_prcauc: 0.307701049798586
test_rocauc: 0.6216956994222643
test_loss: 0.27791075718132546
train_prcauc: 0.4594146625804586
train_rocauc: 0.8232724523805309
train_loss: 0.17779257491594327
val_prcauc: 0.34314872056056467
val_rocauc: 0.6548430836087774
val_loss: 0.2698839240068584