test_mae: 0.536331611137305
test_rmse: 0.7012807004198385
test_loss: 0.47543288995292887
train_mae: 0.32133022068897704
train_rmse: 0.4163066827297462
train_loss: 0.2558951239500727
val_mae: 0.5390710289602478
val_rmse: 0.715458559402103
val_loss: 0.5025373117107221