mae: 0.9431928809303627
rmse: 1.1710161379889372 