test_prcauc: 0.6615747891106877
test_rocauc: 0.8210053696173496
test_loss: 0.2749268412590027
train_prcauc: 0.9229602227071556
train_rocauc: 0.9858647956193992
train_loss: 0.09550628752520784
val_prcauc: 0.7179225059072235
val_rocauc: 0.8950868380445846
val_loss: 0.19150342047214508