test_prcauc: 0.7780815428960185
test_rocauc: 0.7715179968701096
test_loss: 0.9857385903596878
train_prcauc: 0.8847158997325152
train_rocauc: 0.9312985159817352
train_loss: 0.5482426605573515
val_prcauc: 0.9538845233957685
val_rocauc: 0.7652014652014651
val_loss: 0.6259006187319756
