prcauc: 0.7383811927739505
rocauc: 0.6888503086419753 