test_prcauc: 0.7179858580272627
test_rocauc: 0.7950268817204301
test_loss: 0.8549963994459673
train_prcauc: 0.9988864321512061
train_rocauc: 0.995182321528028
train_loss: 0.08844415404989074
val_prcauc: 0.9987975103824451
val_rocauc: 0.9895601173020528
val_loss: 0.11191441186449745
