prcauc: 0.6922758084698515
rocauc: 0.8053763440860215
