test_prcauc: 0.33508007163876247
test_rocauc: 0.7403026845056667
test_loss: 0.2683482873732187
train_prcauc: 0.5615389390405252
train_rocauc: 0.8890768699890765
train_loss: 0.15881609929745685
val_prcauc: 0.3235927248008425
val_rocauc: 0.7553966614164248
val_loss: 0.2709117095881183