test_prcauc: 0.34423805584334266
test_rocauc: 0.755478545470694
test_OGBNanLabelloss: 0.28839378198608756
train_prcauc: 0.6219570053751835
train_rocauc: 0.9336394865034016
train_OGBNanLabelloss: 0.14017947434442615
val_prcauc: 0.35735034585931436
val_rocauc: 0.7771258512499143
val_OGBNanLabelloss: 0.27629966624081137
