test_mae: 0.7330819368362427
test_rmse: 0.931462824344635
test_loss: 0.7314422726631165
train_mae: 0.3197385370731354
train_rmse: 0.43829160928726196
train_loss: 0.3162615255963418
val_mae: 0.6973262429237366
val_rmse: 0.9482821822166443
val_loss: 0.6873362734913826
