test_mae: 0.5538817621423375
test_rmse: 0.7257393635071361
test_loss: 0.5157145568679464
train_mae: 0.34081431401742707
train_rmse: 0.43932211415432815
train_loss: 0.23071494698524475
val_mae: 0.5623470589518547
val_rmse: 0.7471053290604835
val_loss: 0.5503134623555195