prcauc: 0.6305644647334292
rocauc: 0.5842872099188828 