test_prcauc: 0.6211317797741818
test_rocauc: 0.5768271041443013
test_loss: 0.5850060284137726
train_prcauc: 0.7766607300312651
train_rocauc: 0.8223560256232919
train_loss: 0.4122497881941608
val_prcauc: 0.6354511876995521
val_rocauc: 0.574265786791168
val_loss: 0.5103065073490143