test_prcauc: 0.3529408442879274
test_rocauc: 0.7389012729439969
test_loss: 0.24069316330185753
train_prcauc: 0.660204443151384
train_rocauc: 0.9307898444141753
train_loss: 0.15036843479050122
val_prcauc: 0.3691804828705305
val_rocauc: 0.7766341525104258
val_loss: 0.2942038561430592