test_mae: 0.631201982498169
test_rmse: 0.8266503214836121
test_loss: 0.6312019995280674
train_mae: 0.32158973813056946
train_rmse: 0.43498116731643677
train_loss: 0.3215897221650396
val_mae: 0.5352602005004883
val_rmse: 0.7029524445533752
val_loss: 0.5352601898568017
