prcauc: 0.7434531813471761
rocauc: 0.7008101851851852 