test_mae: 0.9199293255805969
test_rmse: 2.606686592102051
test_loss: 0.9038396179676056
train_mae: 0.2970792055130005
train_rmse: 0.4398801326751709
train_loss: 0.2947951348558549
val_mae: 0.5980019569396973
val_rmse: 0.8637385368347168
val_loss: 0.6009820625185966
