test_prcauc: 0.5560421814931278
test_rocauc: 0.6112462204149723
test_loss: 0.45675885677337646
train_prcauc: 1.0
train_rocauc: 1.0
train_loss: 0.011289096105703238
val_prcauc: 0.5752857155851785
val_rocauc: 0.8510202239075478
val_loss: 0.3496064245700836