test_prcauc: 0.06595382409544312
test_rocauc: 0.7507717049634569
test_loss: 0.01547223902888501
train_prcauc: 0.24692163533961367
train_rocauc: 0.9551404837226608
train_loss: 0.010367049782457931
val_prcauc: 0.09705263575855082
val_rocauc: 0.8038581431841615
val_loss: 0.013732736745938052