test_prcauc: 0.15223875313111257
test_rocauc: 0.7006166760571546
test_loss: 0.08541134036995075
train_prcauc: 0.39573518479843384
train_rocauc: 0.9719599839289976
train_loss: 0.01741586979849809
val_prcauc: 0.20642589901435718
val_rocauc: 0.7877130827914948
val_loss: 0.02216327142784929
