test_prcauc: 0.7167641840774482
test_rocauc: 0.6713927469135803
test_loss: 2.1747042451586043
train_prcauc: 1.0
train_rocauc: 1.0
train_loss: 0.007789282492277297
val_prcauc: 0.9484621311287268
val_rocauc: 0.963855421686747
val_loss: 0.40736420692077707
